-97.780385 22.22139
-97.77622 22.205619
-97.6708 21.94995
-97.566322 21.786877
-97.319916 21.580615
-97.317687 21.512998
-97.343863 21.450411
-97.376052 21.400503
-97.399865 21.380354
-97.421944 21.294237
-97.432634 21.307567
-97.440836 21.349165
-97.369309 21.521307
-97.370744 21.554037
-97.391023 21.579585
-97.52329 21.691631
-97.52319 21.695442
-97.583 21.750737
-97.635093 21.836905
-97.686784 21.941571
-97.761594 22.060345
-97.78288 22.147992
-97.789189 22.15303
-97.787586 22.122481
-97.721423 21.95812
-97.698367 21.779966
-97.678934 21.6929
-97.567709 21.482289
-97.552189 21.474859
-97.497707 21.4878
-97.486643 21.46574
-97.492068 21.414103
-97.493435 21.405963
-97.448449 21.303029
-97.388945 21.115854
-97.359504 21.066656
-97.36125 21.044909
-97.380265 21.050278
-97.376334 21.02348
-97.355184 20.990291
-97.342435 20.989991
-97.330335 21.008219
-97.404541 21.205572
-97.408418 21.256329
-97.395806 21.25004
-97.390664 21.203062
-97.302099 21.043489
-97.289814 20.941873
-97.230326 20.849987
-97.225092 20.81009
-97.180926 20.732733
-97.145538 20.633806
-97.112616 20.571419
-97.105216 20.567419
-97.048695 20.52294
-97.02573 20.517441
-96.954324 20.450204
-96.89943 20.374128
-96.794852 20.264544
-96.716418 20.208445
-96.634628 20.115179
-96.566771 20.004863
-96.564909 19.956366
-96.525702 19.940518
-96.467578 19.888159
-96.442133 19.840582
-96.434665 19.840362
-96.408999 19.731805
-96.417757 19.659689
-96.391251 19.644729
-96.384538 19.62275
-96.397614 19.575812
-96.375763 19.543024
-96.323868 19.500088
-96.30577 19.475579
-96.326103 19.43486
-96.292701 19.322815
-96.293112 19.310865
-96.174326 19.234757
-96.165667 19.220339
-96.139238 19.222749
-96.103867 19.171011
-96.098787 19.105575
-96.083999 19.087146
-96.035392 19.070855
-95.991864 19.072136
-95.978163 18.962902
-95.954281 18.897384
-95.839609 18.817378
-95.651981 18.752641
-95.647997 18.752491
-95.603564 18.735682
-95.542886 18.725881
-95.324878 18.739572
-95.199966 18.723934
-95.152234 18.692173
-95.133801 18.669694
-95.103917 18.661466
-95.064662 18.606629
-95.061496 18.587467
-95.039371 18.571921
-95.052325 18.536001
-95.03364 18.533091
-95.01765 18.560179
-94.974739 18.57641
-94.82285 18.556099
-94.830586 18.548811
-94.809124 18.519113
-94.798084 18.461026
-94.762904 18.432925
-94.747629 18.405656
-94.730097 18.378279
-94.674316 18.35311
-94.675142 18.33521
-94.646369 18.305183
-94.627197 18.289152
-94.611907 18.226534
-94.618567 18.230074
-94.630409 18.220256
-94.628539 18.187028
-94.604674 18.211006
-94.549442 18.176028
-94.463405 18.167948
-94.324781 18.189018
-94.221095 18.215895
-94.187038 18.214358
-94.143893 18.226356
-94.143893 18.226356
-94.035881 18.256334
-94.032882 18.259454
-93.896769 18.294394
-93.863071 18.296602
-93.861558 18.260105
-93.765518 18.268544
-93.742232 18.278305
-93.740332 18.314102
-93.675229 18.328333
-93.667301 18.317072
-93.578149 18.344221
-93.574052 18.398947
-93.83999 18.302572
-93.837946 18.309001
-93.826195 18.326923
-93.732902 18.368111
-93.549988 18.422228
-93.466065 18.435448
-93.46627 18.431657
-93.40409 18.443197
-93.23652 18.443336
-93.221366 18.449077
-93.221558 18.445827
-93.190514 18.450737
-93.148643 18.445289
-93.154213 18.427628
-93.174553 18.41074
-93.167663 18.391891
-93.145368 18.383109
-93.110655 18.39217
-93.119489 18.3774
-93.117971 18.344683
-93.061687 18.391761
-93.067616 18.407299
-93.116994 18.420788
-93.119161 18.442656
-93.008976 18.435747
-92.982393 18.441949
-92.982654 18.437608
-92.932268 18.441426
-92.831069 18.475125
-92.746935 18.527663
-92.704157 18.593331
-92.683694 18.6107
-92.649163 18.615309
-92.648973 18.61856
-92.628968 18.628339
-92.53713 18.636249
-92.466435 18.65822
-92.466435 18.65822
-92.439318 18.666637
-92.266463 18.690446
-92.163822 18.687707
-92.070429 18.709407
-91.958815 18.712536
-91.913685 18.669528
-91.907383 18.644099
-91.871073 18.623391
-91.857745 18.600801
-91.878308 18.583552
-91.909229 18.582152
-91.922284 18.609071
-91.933423 18.613012
-91.972829 18.587082
-91.986899 18.598813
-92.022872 18.590082
-92.036942 18.601801
-92.07895 18.605389
-92.131946 18.598192
-92.196537 18.605799
-92.219937 18.596819
-92.207706 18.556373
-92.16701 18.550182
-92.118319 18.579423
-92.072549 18.589772
-92.062395 18.553243
-92.047249 18.566494
-92.009871 18.553372
-92.011046 18.535483
-91.999685 18.534804
-92.003905 18.531243
-91.986441 18.519303
-91.963513 18.520666
-91.934559 18.544492
-91.930203 18.558383
-91.866648 18.536013
-91.861604 18.509045
-91.815896 18.510064
-91.755775 18.487866
-91.538103 18.450889
-91.504807 18.486897
-91.437811 18.514765
-91.401441 18.545114
-91.311939 18.567683
-91.285061 18.608411
-91.246759 18.61682
-91.231386 18.608201
-91.215058 18.628919
-91.270831 18.64778
-91.263958 18.680018
-91.236741 18.725086
-91.234759 18.752734
-91.255846 18.777522
-91.281269 18.790063
-91.332554 18.776484
-91.380543 18.793184
-91.390646 18.812341
-91.420706 18.807722
-91.452408 18.787954
-91.471049 18.794305
-91.479475 18.797235
-91.50469 18.785696
-91.497852 18.776233
-91.497499 18.763714
-91.50641 18.754598
-91.541859 18.737385
-91.581354 18.714966
-91.623711 18.681004
-91.635375 18.658631
-91.650209 18.637137
-91.669788 18.626246
-91.686197 18.622239
-91.699839 18.628631
-91.697645 18.636072
-91.675035 18.654388
-91.672006 18.663172
-91.678666 18.667108
-91.691381 18.661053
-91.702891 18.651145
-91.741909 18.627581
-91.796572 18.620522
-91.817318 18.632293
-91.809447 18.657723
-91.771303 18.678914
-91.739213 18.695262
-91.699857 18.708582
-91.669887 18.720389
-91.615395 18.737039
-91.601003 18.744278
-91.590799 18.749023
-91.560178 18.776938
-91.525876 18.790458
-91.506278 18.787467
-91.504935 18.785757
-91.479752 18.797312
-91.373869 18.920208
-91.286533 18.957086
-91.228516 18.967496
-90.940324 19.147948
-90.732646 19.331268
-90.721935 19.366517
-90.720013 19.483075
-90.699596 19.615827
-90.718716 19.667303
-90.619982 19.78383
-90.521095 19.855556
-90.45332 19.926143
-90.444691 19.933174
-90.439258 19.943713
-90.480916 20.01645
-90.456258 20.036557
-90.447973 20.039248
-90.430484 20.070768
-90.454785 20.099754
-90.434795 20.119096
-90.453785 20.142243
-90.465352 20.186711
-90.452726 20.244769
-90.476149 20.285686
-90.464939 20.295828
-90.472508 20.332366
-90.472501 20.406601
-90.481733 20.43671
-90.439291 20.625272
-90.412045 20.704829
-90.42966 20.687492
-90.441105 20.648713
-90.445966 20.627484
-90.454701 20.664122
-90.421582 20.724059
-90.379818 20.760457
-90.367244 20.788748
-90.367244 20.788748
-90.321886 20.890732
-90.299668 20.965618
-90.304293 20.965948
-90.319666 20.962658
-90.34096 20.943399
-90.354807 20.871195
-90.406682 20.773248
-90.410693 20.810666
-90.322557 21.014188
-90.293695 21.040566
-90.191626 21.094534
-90.056665 21.165211
-89.920096 21.21818
-89.86147 21.257615
-89.769274 21.286925
-89.448655 21.340593
-89.165445 21.363732
-88.97266 21.379293
-88.804701 21.41627
-88.678668 21.459729
-88.68619 21.43519
-88.670107 21.43225
-88.611261 21.475058
-88.600778 21.499907
-88.622454 21.480347
-88.642169 21.481938
-88.62362 21.505586
-88.571007 21.537405
-88.503441 21.541207
-88.375584 21.570623
-88.24601 21.562055
-88.187552 21.568106
-88.142803 21.589504
-88.060069 21.592384
-87.920232 21.550936
-87.829714 21.549735
-87.821535 21.555595
-87.831631 21.571785
-87.922963 21.594934
-88.092365 21.621361
-88.173138 21.596434
-88.10255 21.636991
-87.999947 21.609163
-87.906172 21.611004
-87.675834 21.527096
-87.518213 21.497427
-87.518213 21.497427
-87.485307 21.491209
-87.451317 21.480549
-87.430663 21.453539
-87.39762 21.468118
-87.27251 21.433939
-87.232295 21.43852
-87.214258 21.43197
-87.204585 21.41249
-87.1821 21.40389
-87.125647 21.4524
-87.117973 21.481258
-87.092107 21.471248
-87.070951 21.483547
-87.077146 21.502728
-87.066434 21.526927
-87.08193 21.557894
-87.168733 21.521986
-87.206866 21.526526
-87.239277 21.518506
-87.292187 21.538577
-87.339178 21.502298
-87.369887 21.505047
-87.301229 21.564575
-87.281964 21.558456
-87.216663 21.544926
-87.121353 21.561474
-87.073935 21.600954
-86.997744 21.585234
-86.952273 21.566825
-86.89547 21.483869
-86.895821 21.48061
-86.850562 21.399791
-86.819197 21.265516
-86.78645 21.243857
-86.780683 21.254268
-86.791091 21.266187
-86.784644 21.294036
-86.761051 21.329066
-86.765767 21.383702
-86.781217 21.392263
-86.785414 21.418921
-86.761565 21.423261
-86.736081 21.377091
-86.732937 21.329724
-86.763341 21.274547
-86.758717 21.274116
-86.767272 21.270527
-86.758359 21.244518
-86.764927 21.19368
-86.748792 21.158781
-86.731747 21.143511
-86.70448 21.136562
-86.720195 21.109584
-86.743007 21.119934
-86.760976 21.153901
-86.774838 21.144244
-86.755133 21.110114
-86.772161 21.092553
-86.769498 21.084645
-86.766927 21.031856
-86.838807 20.859064
-86.983967 20.672813
-86.92865 20.673149
-86.881461 20.721526
-86.854023 20.722441
-86.83756 20.737075
-86.828425 20.710225
-86.816357 20.712639
-86.818469 20.719879
-86.768088 20.731343
-86.752702 20.725913
-86.702196 20.755367
-86.748841 20.632808
-86.78817 20.602625
-86.897925 20.448054
-86.943555 20.421853
-86.972969 20.43656
-86.985728 20.535858
-86.984093 20.58563
-86.923731 20.647939
-86.928666 20.673032
-86.984525 20.672684
-87.042447 20.602155
-87.20334 20.48341
-87.293514 20.372914
-87.423705 20.174123
-87.453179 20.111166
-87.463198 20.05741
-87.458954 19.995811
-87.428276 19.955885
-87.389481 19.916324
-87.391166 19.865097
-87.427849 19.821948
-87.434921 19.785959
-87.450936 19.787399
-87.455651 19.809679
-87.417388 19.845597
-87.400443 19.887796
-87.41664 19.922055
-87.43077 19.930962
-87.440256 19.917054
-87.42443 19.879027
-87.467079 19.810709
-87.491052 19.801929
-87.51008 19.807999
-87.526041 19.7985
-87.533717 19.80246
-87.559093 19.77958
-87.630711 19.615466
-87.642896 19.608888
-87.646727 19.616889
-87.62515 19.636827
-87.630956 19.648266
-87.625646 19.666915
-87.626119 19.662046
-87.614477 19.698165
-87.690132 19.679716
-87.703698 19.659056
-87.712693 19.608497
-87.672109 19.557949
-87.648207 19.56675
-87.641272 19.555221
-87.642547 19.507263
-87.622953 19.513173
-87.571759 19.558872
-87.533733 19.558769
-87.500528 19.544871
-87.462311 19.56985
-87.457483 19.58363
-87.417855 19.587709
-87.424606 19.56646
-87.452286 19.554749
-87.431107 19.501494
-87.402665 19.520781
-87.390335 19.56338
-87.393919 19.596487
-87.428626 19.635668
-87.427551 19.646507
-87.414635 19.648615
-87.384513 19.609837
-87.374336 19.561929
-87.393424 19.498093
-87.46673 19.421666
-87.511873 19.396209
-87.497554 19.424427
-87.511301 19.436575
-87.574718 19.389258
-87.577886 19.392268
-87.601452 19.386717
-87.622876 19.367869
-87.628714 19.32032
-87.641501 19.307262
-87.632551 19.281343
-87.659293 19.243304
-87.648963 19.231465
-87.648047 19.205726
-87.614545 19.195656
-87.590695 19.204446
-87.549953 19.302392
-87.52949 19.311483
-87.521991 19.305902
-87.468958 19.330092
-87.459856 19.32326
-87.483369 19.277862
-87.471956 19.276832
-87.423661 19.32274
-87.42176 19.30727
-87.497155 19.220115
-87.540492 19.061272
-87.599225 18.943129
-87.652936 18.769974
-87.685798 18.715039
-87.713196 18.598524
-87.729568 18.512676
-87.761346 18.432571
-87.7961 18.309645
-87.831417 18.310576
-87.824787 18.343794
-87.846461 18.391522
-87.840672 18.4101
-87.861928 18.426691
-87.84679 18.46518
-87.866695 18.495837
-87.868587 18.517827
-87.892401 18.519905
-87.902707 18.531715
-87.896298 18.556795
-88.012124 18.607782
-88.025375 18.612751
-88.030602 18.64211
-88.002791 18.65171
-88.005935 18.702717
-87.964721 18.810453
-87.967123 18.905079
-88.019403 18.970187
-88.006882 18.981105
-88.013466 18.996414
-88.035967 19.001084
-88.059588 18.951817
-88.059358 18.911959
-88.075022 18.91003
-88.077563 18.919529
-88.093799 18.911649
-88.114376 18.857752
-88.127826 18.87309
-88.118023 18.897899
-88.151029 18.87016
-88.165104 18.842452
-88.138957 18.840211
-88.16827 18.808894
-88.19109 18.767194
-88.219962 18.66709
-88.268959 18.626531
-88.277267 18.623421
-88.30745 18.624872
-88.343516 18.606103
-88.36455 18.625881
-88.416484 18.596433
-88.4332 18.619652
-88.453519 18.610443
-88.497373 18.543755
-88.526728 18.476131
-88.533053 18.461561
-88.535749 18.45535
-88.586473 18.362513
-88.662507 18.317006
-88.658723 18.276908
-88.693699 18.224201
-88.708674 18.184553
-88.733594 18.16099
-88.736501 18.128533
-88.743997 18.116816
-88.758367 18.094356
-88.815062 18.052676
-88.832878 18.025259
-88.907549 18.037298
-88.931024 18.068065
-88.962802 18.069536
-88.992496 18.120415
-89.050549 18.108174
-89.123611 18.047526
-89.13613 18.027829
-89.140931 18.0184
-89.150309 17.941608
-89.15217 17.926374
-89.152168 17.92482
-89.151932 17.910448
-89.151986 17.909501
-89.145821 17.791158
-89.146194 17.786828
-89.150703 17.787189
-89.187662 17.786849
-89.406592 17.792468
-89.406419 17.815355
-89.406419 17.815355
-89.406592 17.792468
-89.415061 17.792678
-89.540522 17.794198
-90.108592 17.802387
-90.131832 17.802998
-90.18797 17.804348
-90.972512 17.809537
-90.972703 17.803427
-90.972703 17.803427
-90.979959 17.552249
-90.973763 17.233293
-91.075382 17.235744
-91.418729 17.241913
-91.418729 17.241913
-91.430006 17.242644
-91.377953 17.205142
-91.376165 17.203854
-91.354749 17.186715
-91.355511 17.175895
-91.347489 17.175376
-91.344258 17.175167
-91.30038 17.204375
-91.271967 17.190566
-91.265176 17.168701
-91.263205 17.162358
-91.248025 17.113489
-91.222923 17.10098
-91.203286 17.059483
-91.168808 17.020272
-91.101117 17.019593
-91.070417 16.944217
-91.04974 16.917859
-91.019182 16.919068
-91.001208 16.910259
-90.963121 16.914208
-90.924026 16.846931
-90.795322 16.802864
-90.793004 16.788585
-90.738522 16.763106
-90.669205 16.695318
-90.650575 16.65818
-90.643182 16.606633
-90.634225 16.598414
-90.621583 16.601873
-90.624833 16.521206
-90.609908 16.525047
-90.600089 16.505917
-90.606896 16.501578
-90.615447 16.496127
-90.617525 16.48974
-90.621315 16.478089
-90.618419 16.479216
-90.593416 16.488952
-90.590599 16.490049
-90.584387 16.475498
-90.542173 16.483389
-90.532108 16.467479
-90.497716 16.4759
-90.494992 16.46757
-90.468411 16.46189
-90.463839 16.43334
-90.382843 16.418872
-90.384492 16.397282
-90.364022 16.378444
-90.364853 16.367655
-90.371867 16.369073
-90.389771 16.372694
-90.389807 16.372643
-90.394822 16.365465
-90.376642 16.353304
-90.38297 16.34333
-90.388255 16.335001
-90.398378 16.319046
-90.41002 16.315012
-90.410072 16.314072
-90.410126 16.313461
-90.410187 16.312851
-90.410286 16.312243
-90.410461 16.311569
-90.410751 16.310932
-90.411079 16.310297
-90.411415 16.309708
-90.411781 16.309132
-90.412193 16.308584
-90.412659 16.308077
-90.413147 16.307665
-90.413673 16.307299
-90.414223 16.306942
-90.414764 16.306606
-90.41526 16.306282
-90.415737 16.305924
-90.419862 16.288017
-90.410295 16.280828
-90.411959 16.25925
-90.423676 16.260084
-90.434282 16.260838
-90.435604 16.257513
-90.438479 16.250279
-90.421137 16.242001
-90.429482 16.233618
-90.43274 16.230345
-90.441814 16.22123
-90.436099 16.193152
-90.422197 16.184024
-90.419686 16.165394
-90.431933 16.152174
-90.431516 16.140598
-90.431193 16.131618
-90.431032 16.127154
-90.431191 16.127022
-90.431091 16.126793
-90.430855 16.126249
-90.430679 16.125694
-90.43055 16.125105
-90.43045 16.1245
-90.430389 16.123907
-90.430351 16.123262
-90.430336 16.122629
-90.430336 16.121986
-90.430351 16.121355
-90.430389 16.12068
-90.430527 16.120005
-90.430756 16.119371
-90.431107 16.118784
-90.43158 16.118315
-90.432129 16.117941
-90.432655 16.117722
-90.437828 16.121487
-90.439425 16.120155
-90.4322 16.112045
-90.417344 16.115326
-90.424839 16.100875
-90.42657 16.097537
-90.426331 16.09552
-90.421792 16.057069
-91.095851 16.057059
-91.417133 16.056507
-91.557884 16.055798
-91.650981 16.055187
-91.695835 16.054768
-91.715962 16.02243
-91.767394 15.940023
-91.990033 15.58221
-91.991285 15.58011
-92.140809 15.337512
-92.174317 15.283795
-92.190469 15.257705
-92.121872 15.16273
-92.088019 15.117433
-92.082962 15.109543
-92.084514 15.101539
-92.087934 15.083894
-92.089675 15.074274
-92.103043 15.056694
-92.116401 15.039115
-92.13945 15.009148
-92.145213 14.992555
-92.148559 14.982924
-92.153062 14.969959
-92.148666 14.934021
-92.156038 14.887984
-92.169115 14.874714
-92.1792 14.864515
-92.179113 14.849738
-92.178964 14.824517
-92.177442 14.817173
-92.177179 14.8159
-92.172759 14.79458
-92.165555 14.759819
-92.161088 14.738269
-92.151749 14.693213
-92.165412 14.641606
-92.167794 14.632606
-92.17642 14.616601
-92.203599 14.566168
-92.204202 14.566391
-92.236658 14.578398
-92.267215 14.621797
-92.299626 14.635595
-92.378936 14.74344
-92.54478 14.891903
-92.611211 14.960539
-92.646887 14.996078
-92.673933 15.045715
-92.676208 15.063685
-92.716697 15.093533
-92.727798 15.094153
-92.80369 15.184889
-93.232642 15.548832
-93.214277 15.547861
-93.20999 15.554671
-93.231191 15.57472
-93.286308 15.58735
-93.339272 15.639347
-93.675418 15.883156
-93.809928 15.96446
-93.878502 16.013259
-93.937601 16.039907
-93.917809 16.043837
-93.888559 16.035398
-93.875168 16.078075
-93.911645 16.120454
-93.955142 16.135512
-94.033269 16.141912
-94.091138 16.16647
-94.091138 16.16647
-94.096373 16.168691
-94.116942 16.20594
-94.125572 16.257807
-94.175073 16.243296
-94.224504 16.241776
-94.331028 16.276935
-94.341978 16.282296
-94.382346 16.329604
-94.400488 16.337464
-94.415931 16.331103
-94.42102 16.295034
-94.450133 16.284406
-94.451241 16.284456
-94.422523 16.239849
-94.389746 16.221598
-94.241809 16.174312
-94.264293 16.195921
-94.256289 16.210718
-94.177316 16.197901
-94.163284 16.175591
-94.090178 16.146741
-94.075414 16.117353
-94.018498 16.068116
-94.015316 16.053335
-94.026837 16.046847
-94.060017 16.055435
-94.184693 16.116464
-94.488069 16.216747
-94.603451 16.230968
-94.744941 16.263545
-94.668416 16.293875
-94.614637 16.328954
-94.598034 16.372661
-94.604633 16.387571
-94.671797 16.391541
-94.701438 16.39388
-94.748642 16.342782
-94.82149 16.319832
-94.828364 16.341781
-94.805643 16.347883
-94.800883 16.366641
-94.822314 16.389199
-94.825519 16.430509
-94.870578 16.477885
-94.913556 16.470987
-94.944043 16.454358
-94.976988 16.38148
-94.976156 16.400399
-95.045136 16.362561
-95.057306 16.340292
-95.06852 16.340732
-95.072327 16.330063
-95.061914 16.311222
-95.084763 16.301315
-95.104104 16.295034
-95.11252 16.268836
-95.10554 16.261516
-94.917104 16.275574
-94.79703 16.264646
-94.782188 16.258066
-94.794076 16.242858
-94.869534 16.248167
-94.936093 16.264436
-95.004561 16.236897
-95.125842 16.218998
-95.17065 16.219688
-95.168613 16.175211
-95.195501 16.16164
-95.239377 16.170931
-95.25949 16.145181
-95.329407 16.106722
-95.390643 16.032736
-95.508046 15.979218
-95.578252 15.957999
-95.95807 15.849135
-96.014306 15.807757
-96.317812 15.687871
-96.384984 15.681881
-96.455122 15.687291
-96.600625 15.674922
-96.666774 15.70121
-96.777091 15.726018
-96.880778 15.73111
-96.884576 15.735008
-96.888475 15.735109
-96.888376 15.738359
-96.89171 15.738449
-96.899316 15.746228
-96.910258 15.753558
-96.921351 15.756018
-96.939418 15.768957
-96.950566 15.769267
-96.979862 15.779256
-96.986905 15.787016
-96.994625 15.790475
-97.012508 15.809345
-97.019673 15.812775
-97.019568 15.816554
-97.056966 15.817555
-97.060193 15.821425
-97.078902 15.832204
-97.08979 15.842223
-97.100737 15.850093
-97.103889 15.857203
-97.10375 15.862062
-97.107657 15.862162
-97.112503 15.869322
-97.114532 15.876411
-97.123383 15.879341
-97.125481 15.884271
-97.129387 15.884372
-97.137565 15.89161
-97.137513 15.893781
-97.158334 15.90892
-97.178255 15.916469
-97.188654 15.92431
-97.203638 15.927939
-97.209689 15.93188
-97.218624 15.932109
-97.220804 15.934329
-97.225832 15.934448
-97.231845 15.939478
-97.246851 15.942569
-97.258954 15.949898
-97.281301 15.950458
-97.287527 15.947918
-97.298694 15.948197
-97.307188 15.944078
-97.343503 15.944978
-97.348449 15.948348
-97.357955 15.948579
-97.365669 15.952557
-97.377912 15.955018
-97.418693 15.956007
-97.424927 15.952918
-97.440111 15.949498
-97.447381 15.949667
-97.447465 15.945888
-97.462578 15.945167
-97.462456 15.950027
-97.473643 15.950297
-97.473582 15.952458
-97.480852 15.952628
-97.485741 15.957618
-97.49183 15.960458
-97.500209 15.960658
-97.502879 15.965597
-97.514004 15.968027
-97.526118 15.975337
-97.532267 15.975477
-97.546993 15.990436
-97.551463 15.990536
-97.551358 15.994316
-97.558003 15.997715
-97.562458 15.997825
-97.562375 16.001605
-97.583614 16.002095
-97.588735 15.998425
-97.587787 15.991376
-97.59506 15.991545
-97.595175 15.986677
-97.599095 15.986766
-97.602497 15.984676
-97.607518 15.984795
-97.607626 15.981006
-97.602589 15.980896
-97.602688 15.977116
-97.593182 15.976896
-97.588261 15.972456
-97.58044 15.972276
-97.580503 15.969576
-97.588321 15.969757
-97.59177 15.966037
-97.614149 15.965466
-97.617962 15.969347
-97.64424 15.969947
-97.644157 15.973726
-97.647405 15.978126
-97.64733 15.980837
-97.669683 15.981336
-97.669776 15.977556
-97.673698 15.977636
-97.674711 15.981447
-97.676939 15.981496
-97.684607 15.988696
-97.69187 15.988865
-97.691787 15.992655
-97.718071 15.992156
-97.718253 15.984586
-97.714347 15.984496
-97.710487 15.982245
-97.710656 15.975216
-97.714562 15.975306
-97.714677 15.970447
-97.725854 15.970687
-97.729829 15.968067
-97.751618 15.968547
-97.806947 15.994095
-98.017587 16.132649
-98.172231 16.207644
-98.201429 16.232004
-98.205404 16.228833
-98.272392 16.240903
-98.346414 16.266061
-98.380565 16.237973
-98.384013 16.233174
-98.43272 16.234022
-98.507375 16.257871
-98.507375 16.257871
-98.559731 16.274591
-98.575409 16.307309
-98.570357 16.307229
-98.665659 16.405655
-98.764401 16.541978
-98.797377 16.551678
-98.918908 16.533399
-98.915033 16.529539
-98.966798 16.558967
-99.070951 16.578767
-99.101066 16.594305
-99.100927 16.604054
-99.05933 16.606225
-99.066938 16.625285
-99.122382 16.636813
-99.186746 16.612165
-99.268367 16.642373
-99.38774 16.666471
-99.422606 16.663051
-99.474853 16.663591
-99.564472 16.689949
-99.631375 16.686779
-99.691289 16.708978
-99.758279 16.759936
-99.821512 16.794024
-99.855249 16.794284
-99.851184 16.811054
-99.87373 16.804185
-99.888325 16.809164
-99.876773 16.844843
-99.896962 16.852572
-99.922962 16.837042
-99.922986 16.834341
-100.022233 16.965056
-100.057038 16.968527
-100.057138 16.958237
-100.037033 16.939688
-100.011237 16.927587
-100.007439 16.89994
-100.195537 16.976935
-100.206738 16.994863
-100.167844 16.990864
-100.16164 16.998415
-100.17564 17.009334
-100.182941 17.003414
-100.198141 17.005665
-100.21784 17.005764
-100.343644 17.083321
-100.356043 17.083379
-100.367447 17.071511
-100.276343 17.025033
-100.273039 17.013083
-100.292739 17.009933
-100.363542 17.054692
-100.491246 17.09366
-100.618552 17.139567
-100.719257 17.199964
-100.734553 17.197275
-100.723254 17.182076
-100.686152 17.149477
-100.723354 17.156606
-100.877157 17.235942
-101.017061 17.26961
-101.043658 17.265269
-101.06226 17.27719
-101.069561 17.302129
-101.102362 17.349277
-101.141363 17.361176
-101.218766 17.439172
-101.291767 17.493269
-101.329166 17.501338
-101.333073 17.47855
-101.344372 17.47852
-101.460876 17.528648
-101.460975 17.543296
-101.419669 17.536358
-101.479775 17.591516
-101.517777 17.623924
-101.536478 17.627121
-101.547778 17.609175
-101.611881 17.655582
-101.622181 17.68212
-101.64198 17.69181
-101.64098 17.702659
-101.77768 17.859373
-101.809084 17.89285
-101.993384 17.983465
-102.081292 17.982856
-102.133792 17.953707
-102.141795 17.964496
-102.206295 18.014474
-102.206295 18.014474
-102.221097 18.010563
-102.187893 17.916917
-102.197491 17.907619
-102.297697 17.957255
-102.316498 17.964147
-102.463801 18.002414
-102.705903 18.036222
-103.041812 18.184594
-103.070514 18.170074
-103.096715 18.172975
-103.106015 18.188593
-103.235016 18.225281
-103.482123 18.316436
-103.538124 18.387743
-103.576029 18.470221
-103.676732 18.582004
-103.681936 18.585175
-103.695333 18.632201
-103.707335 18.65971
-103.725333 18.673771
-103.725333 18.673771
-103.750732 18.693699
-103.795937 18.726567
-103.843439 18.763165
-103.907642 18.801623
-104.005339 18.883959
-104.124742 18.939698
-104.224347 18.970215
-104.303451 19.003304
-104.327751 19.014722
-104.343651 19.036122
-104.329246 19.07613
-104.37555 19.100661
-104.455654 19.101029
-104.479053 19.122239
-104.490856 19.133929
-104.576057 19.153466
-104.576057 19.153466
-104.576057 19.153466
-104.697557 19.181224
-104.675157 19.199703
-104.694658 19.223162
-104.73656 19.227033
-104.748661 19.248491
-104.767658 19.233873
-104.809964 19.249671
-104.81046 19.268699
-104.79546 19.285941
-104.796064 19.305498
-104.803662 19.311298
-104.830366 19.30463
-104.834165 19.296921
-104.856963 19.291449
-104.922165 19.309347
-105.028171 19.385974
-105.019969 19.400884
-105.037068 19.454842
-105.06377 19.465001
-105.068371 19.483921
-105.062069 19.48627
-105.105673 19.579226
-105.166671 19.585176
-105.167374 19.606924
-105.241472 19.663633
-105.385175 19.844593
-105.385283 19.847852
-105.441482 19.92951
-105.475984 19.964968
-105.48018 19.986626
-105.516985 20.019284
-105.516283 20.033465
-105.501284 20.033903
-105.550784 20.100481
-105.556286 20.228286
-105.656585 20.32653
-105.700386 20.408506
-105.698189 20.412397
-105.541088 20.496685
-105.334281 20.519593
-105.266576 20.572162
-105.251081 20.61344
-105.256376 20.651967
-105.262074 20.659038
-105.262074 20.659038
-105.303877 20.710015
-105.328583 20.756703
-105.433581 20.746062
-105.479282 20.761602
-105.533284 20.764922
-105.539083 20.78272
-105.518887 20.801842
-105.492481 20.80971
-105.486485 20.821869
-105.452586 20.883336
-105.444384 20.879767
-105.411181 20.928126
-105.293984 21.036621
-105.266081 21.015612
-105.233778 21.07808
-105.226882 21.227022
-105.247978 21.323969
-105.241783 21.387355
-105.222678 21.426575
-105.205283 21.445045
-105.248581 21.51033
-105.256279 21.5123
-105.363186 21.576866
-105.443586 21.627977
-105.463583 21.651373
-105.472487 21.692541
-105.521592 21.799569
-105.620395 21.956352
-105.653791 22.024037
-105.645894 22.167103
-105.652593 22.260129
-105.682899 22.372611
-105.716996 22.45881
-105.749994 22.512305
-105.759294 22.540924
-105.7511 22.541185
-105.694595 22.488388
-105.678893 22.49268
-105.675498 22.49606
-105.689796 22.568134
-105.677894 22.564134
-105.664596 22.518196
-105.667197 22.477227
-105.654692 22.45361
-105.62029 22.258378
-105.586589 22.145983
-105.538088 22.096724
-105.541688 22.081894
-105.549692 22.092565
-105.561388 22.092216
-105.564989 22.079025
-105.509286 22.039239
-105.51909 22.071667
-105.50589 22.061138
-105.514886 22.100674
-105.495187 22.090356
-105.464088 22.051468
-105.475289 22.072935
-105.467491 22.084066
-105.443984 22.062947
-105.405088 22.071697
-105.407889 22.085786
-105.437385 22.110554
-105.483689 22.132125
-105.537188 22.172522
-105.552493 22.175891
-105.536089 22.140394
-105.538187 22.132704
-105.576091 22.1801
-105.567988 22.20106
-105.581691 22.22355
-105.596493 22.211112
-105.642592 22.474409
-105.642995 22.476488
-105.642995 22.476488
-105.648292 22.506688
-105.655997 22.642213
-105.652991 22.642302
-105.681495 22.665433
-105.6969 22.702588
-105.685494 22.713849
-105.645393 22.710139
-105.659293 22.735907
-105.702294 22.739508
-105.726693 22.730578
-105.736398 22.707378
-105.719995 22.657182
-105.692092 22.633492
-105.690696 22.593734
-105.713395 22.571235
-105.695 22.499279
-105.706993 22.507637
-105.7277 22.545716
-105.756196 22.602644
-105.818997 22.68411
-106.047205 22.859501
-106.08591 22.916029
-106.240212 23.052673
-106.316417 23.13079
-106.355114 23.170357
-106.386617 23.176348
-106.413213 23.147069
-106.428915 23.1427
-106.441114 23.167907
-106.435117 23.222106
-106.443518 23.240345
-106.455322 23.239934
-106.497818 23.311512
-106.493623 23.322572
-106.477615 23.32313
-106.478119 23.334022
-106.585223 23.465466
-106.597424 23.474295
-106.629727 23.496574
-106.642522 23.533201
-106.670225 23.532192
-106.698524 23.556242
-106.728424 23.617327
-106.772325 23.620059
-106.777429 23.656418
-106.792825 23.655847
-106.809725 23.677025
-106.802927 23.724185
-106.885632 23.813242
-106.90003 23.881418
-107.014032 23.976323
-107.067134 24.006993
-107.083438 24.039631
-107.128438 24.062949
-107.143941 24.089607
-107.157339 24.121807
-107.182043 24.141566
-107.18054 24.108897
-107.204642 24.116128
-107.293543 24.185103
-107.432951 24.241051
-107.747855 24.463962
-107.800561 24.4824
-107.813256 24.49712
-107.814156 24.513989
-107.793457 24.49362
-107.700255 24.454002
-107.64275 24.413902
-107.614452 24.406924
-107.517952 24.323709
-107.514152 24.330958
-107.551652 24.367027
-107.548449 24.385165
-107.511353 24.357797
-107.508148 24.365027
-107.505249 24.390776
-107.493653 24.398343
-107.493851 24.402156
-107.533251 24.523771
-107.548349 24.537879
-107.56705 24.51855
-107.610653 24.52053
-107.609851 24.50583
-107.599956 24.51007
-107.591251 24.50226
-107.59505 24.495551
-107.665258 24.469671
-107.678656 24.498549
-107.714659 24.5041
-107.717757 24.49307
-107.777855 24.503569
-107.784455 24.549647
-107.871257 24.591676
-107.88766 24.608956
-107.923962 24.618255
-107.974364 24.644933
-107.930364 24.592347
-107.86996 24.566098
-107.82226 24.521269
-107.835359 24.520697
-107.839861 24.527599
-107.988066 24.622503
-108.031463 24.675113
-108.025063 24.722841
-108.068666 24.778697
-108.061868 24.795916
-107.989166 24.720629
-107.978163 24.717302
-107.953765 24.729291
-107.962263 24.74364
-107.98786 24.753411
-107.997162 24.770988
-107.981062 24.771709
-107.982261 24.793467
-108.024064 24.826516
-108.009064 24.846826
-108.017968 24.868236
-108.034562 24.876764
-108.016861 24.915183
-108.017167 24.921172
-108.022164 24.947661
-108.011063 24.962892
-108.012269 24.98465
-108.049769 25.015149
-108.066066 25.072766
-108.090671 25.085836
-108.12077 25.121014
-108.143666 25.101986
-108.184469 25.124114
-108.232574 25.170442
-108.251075 25.169591
-108.247772 25.164842
-108.262574 25.161432
-108.268471 25.170972
-108.261071 25.18713
-108.285974 25.203981
-108.285271 25.19201
-108.321772 25.202311
-108.323176 25.226791
-108.382077 25.281848
-108.399381 25.281038
-108.380672 25.257907
-108.397076 25.186801
-108.424473 25.226948
-108.511276 25.286645
-108.745588 25.373471
-108.685285 25.368781
-108.657582 25.377763
-108.669186 25.391372
-108.706983 25.400441
-108.777984 25.382781
-108.781387 25.400612
-108.754791 25.41664
-108.764587 25.43034
-108.753188 25.440721
-108.770088 25.45188
-108.800484 25.428559
-108.80069 25.432369
-108.793686 25.445808
-108.785088 25.501858
-108.778191 25.516916
-108.787285 25.538274
-108.818987 25.536704
-108.834489 25.523954
-108.83529 25.538075
-108.879192 25.577343
-108.888888 25.569224
-108.914395 25.573945
-108.923291 25.540785
-108.905491 25.505686
-108.930691 25.465696
-108.96719 25.473678
-108.994193 25.501217
-109.046294 25.498576
-109.036292 25.473449
-109.103097 25.513666
-109.125299 25.552334
-109.101396 25.553565
-109.068596 25.538334
-109.052696 25.544056
-109.063493 25.582223
-109.010993 25.579982
-109.00849 25.558304
-108.986396 25.570324
-108.977094 25.614422
-108.937894 25.623483
-108.939497 25.649029
-108.961096 25.67793
-108.996994 25.675029
-109.072693 25.605741
-109.097597 25.619191
-109.104395 25.582853
-109.119493 25.584262
-109.133898 25.602602
-109.139597 25.588132
-109.156001 25.591113
-109.161899 25.608792
-109.165095 25.611903
-109.194599 25.63983
-109.205197 25.675269
-109.261504 25.726866
-109.263998 25.700019
-109.249701 25.664769
-109.215199 25.624031
-109.192699 25.609393
-109.170596 25.574533
-109.179699 25.566423
-109.221303 25.615531
-109.255697 25.636638
-109.321204 25.653389
-109.396707 25.649398
-109.376703 25.684267
-109.298401 25.674219
-109.306503 25.734325
-109.357904 25.765425
-109.358507 25.775214
-109.379106 25.786113
-109.417407 25.764446
-109.419505 25.750164
-109.440403 25.86847
-109.430905 25.906598
-109.466505 25.962495
-109.442106 26.014505
-109.448208 26.023995
-109.441006 26.044004
-109.415508 26.040454
-109.427709 26.080694
-109.389003 26.107283
-109.344707 26.16849
-109.299906 26.279856
-109.266107 26.319213
-109.247406 26.300563
-109.256105 26.285406
-109.279504 26.273287
-109.305208 26.174382
-109.288003 26.160561
-109.268601 26.169192
-109.272004 26.222988
-109.264001 26.220129
-109.2445 26.254936
-109.223999 26.294697
-109.215004 26.343114
-109.190506 26.329125
-109.162605 26.297865
-109.182205 26.264156
-109.177298 26.253506
-109.156798 26.244748
-109.156004 26.232798
-109.142797 26.233478
-109.133299 26.208338
-109.124898 26.208778
-109.115697 26.253939
-109.104199 26.264326
-109.105604 26.286067
-109.140302 26.299006
-109.135702 26.313417
-109.135702 26.313417
-109.153998 26.325004
-109.154601 26.335335
-109.198906 26.404443
-109.204903 26.364353
-109.239305 26.402352
-109.244401 26.358493
-109.256304 26.354613
-109.255702 26.412412
-109.251901 26.409331
-109.306904 26.558506
-109.431008 26.668051
-109.482714 26.69799
-109.449914 26.688839
-109.443009 26.70337
-109.468515 26.731439
-109.480111 26.723191
-109.502612 26.751427
-109.514217 26.743169
-109.518314 26.750588
-109.518114 26.746789
-109.531414 26.764047
-109.561818 26.737359
-109.556614 26.714207
-109.523616 26.701821
-109.505411 26.673899
-109.591916 26.698147
-109.669715 26.701018
-109.680015 26.690648
-109.675719 26.690879
-109.699615 26.685218
-109.699417 26.68251
-109.830722 26.747767
-109.852825 26.778145
-109.890226 26.88831
-109.892622 26.888171
-109.905028 26.927249
-109.904822 26.924
-109.94513 27.005096
-109.938424 27.005477
-109.924521 26.980638
-109.897924 26.964157
-109.891723 26.971578
-109.920425 27.035346
-109.913528 27.049895
-109.932427 27.067353
-109.935325 27.074283
-109.979928 27.111553
-110.017726 27.12904
-110.05663 27.129013
-110.058826 27.100013
-110.191733 27.128392
-110.24643 27.160658
-110.270937 27.14562
-110.311336 27.156899
-110.322238 27.181318
-110.330135 27.180858
-110.329937 27.178689
-110.447342 27.282933
-110.51294 27.297022
-110.519243 27.307542
-110.46994 27.317535
-110.49424 27.348793
-110.505342 27.3917
-110.541247 27.38249
-110.553942 27.388811
-110.56074 27.373701
-110.582546 27.444838
-110.594449 27.440858
-110.609548 27.519466
-110.597043 27.531114
-110.614347 27.631351
-110.629546 27.67074
-110.593244 27.676171
-110.607344 27.700907
-110.604544 27.720138
-110.572949 27.731818
-110.603148 27.758876
-110.619048 27.750846
-110.626045 27.786356
-110.605544 27.791396
-110.60855 27.830944
-110.552946 27.848954
-110.537443 27.854763
-110.538144 27.863982
-110.61515 27.893692
-110.624847 27.884411
-110.664345 27.903821
-110.673348 27.877692
-110.709948 27.908142
-110.759555 27.923111
-110.853057 27.92015
-110.839759 27.95471
-110.859054 27.997078
-110.880653 27.990858
-110.876357 27.952469
-110.887855 27.92619
-110.906753 27.909781
-110.900558 27.900361
-110.890357 27.903169
-110.879858 27.894561
-110.900855 27.849722
-110.917853 27.855742
-110.939858 27.87835
-110.967958 27.87662
-110.980554 27.912309
-110.977755 27.93153
-111.001856 27.981208
-111.042759 27.978667
-111.07356 27.957148
-111.090359 27.959907
-111.114759 27.943678
-111.109564 27.947819
-111.129165 27.986318
-111.166366 27.991057
-111.253969 28.050833
-111.374067 28.205907
-111.390373 28.255457
-111.45807 28.331092
-111.459573 28.348953
-111.436174 28.36351
-111.465571 28.377391
-111.474474 28.365942
-111.474673 28.36865
-111.542973 28.419708
-111.614775 28.431888
-111.66288 28.462467
-111.716577 28.471967
-111.736177 28.492436
-111.768184 28.578444
-111.885788 28.692439
-111.881485 28.692728
-111.930688 28.732948
-111.949091 28.760526
-111.921487 28.769456
-111.918084 28.780555
-111.868987 28.747955
-111.862083 28.753317
-111.868385 28.776825
-111.88559 28.782737
-111.896691 28.818434
-111.917985 28.828964
-111.92019 28.804886
-111.933587 28.815964
-111.940287 28.800824
-112.028393 28.869912
-112.03629 28.89602
-112.053693 28.904089
-112.071592 28.925698
-112.102897 28.951307
-112.137795 28.975558
-112.166299 28.968718
-112.187388 28.979333
-112.176264 28.989712
-112.210825 29.022482
-112.206898 29.007242
-112.279859 28.814539
-112.280832 28.79216
-112.261372 28.770754
-112.334347 28.752267
-112.468621 28.812593
-112.514352 28.817458
-112.583435 28.881676
-112.532839 28.917677
-112.514352 28.951732
-112.51046 28.988706
-112.514352 29.090871
-112.507541 29.134656
-112.441377 29.20082
-112.407322 29.196928
-112.37424 29.228064
-112.318779 29.234875
-112.300292 29.254335
-112.283751 29.247524
-112.271102 29.143413
-112.231209 29.096709
-112.210835 29.022553
-112.176194 28.989787
-112.176393 29.040335
-112.194995 29.089614
-112.180194 29.124882
-112.2094 29.161461
-112.203098 29.18092
-112.224698 29.194112
-112.229901 29.210598
-112.219898 29.237367
-112.223996 29.283287
-112.265898 29.335826
-112.318405 29.353935
-112.331803 29.330186
-112.378305 29.330215
-112.404703 29.347934
-112.424205 29.377543
-112.387607 29.47409
-112.407009 29.509137
-112.434903 29.528918
-112.438107 29.564547
-112.488104 29.615354
-112.54641 29.694362
-112.578111 29.72091
-112.621212 29.78303
-112.650716 29.878667
-112.683417 29.915964
-112.751419 29.923063
-112.740021 29.987392
-112.761316 30.028201
-112.763918 30.167485
-112.764819 30.177183
-112.779422 30.219544
-112.804523 30.246511
-112.820118 30.252442
-112.827725 30.273592
-112.851819 30.264814
-112.86952 30.273302
-112.874823 30.288662
-112.877127 30.313442
-112.868422 30.333601
-112.863425 30.33992
-112.87432 30.414527
-112.953325 30.480954
-112.996525 30.539633
-113.10643 30.715397
-113.140833 30.809903
-113.116532 30.844183
-113.123437 30.843682
-113.125033 30.904791
-113.109735 30.992577
-113.139339 31.036996
-113.151936 31.076154
-113.141033 31.080194
-113.103732 31.014678
-113.083735 31.066515
-113.092639 31.112963
-113.071833 31.157252
-113.089732 31.166784
-113.110935 31.215591
-113.124737 31.214591
-113.130535 31.203872
-113.196738 31.222861
-113.262841 31.292168
-113.27794 31.279149
-113.25914 31.25563
-113.28354 31.25383
-113.334246 31.282018
-113.336146 31.274848
-113.394948 31.277509
-113.453543 31.302378
-113.531944 31.303535
-113.567147 31.303045
-113.56035 31.323047
-113.620151 31.328274
-113.648655 31.347775
-113.622348 31.349764
-113.64375 31.422303
-113.637952 31.488761
-113.685157 31.5236
-113.692557 31.527908
-113.735253 31.537649
-113.77086 31.557658
-113.771158 31.561409
-113.795854 31.555738
-113.794756 31.581246
-113.816355 31.575818
-113.851261 31.601797
-113.876858 31.592796
-113.883961 31.617686
-113.923864 31.636243
-113.926061 31.621464
-113.95626 31.626165
-113.971359 31.649334
-113.983863 31.648364
-113.987465 31.604795
-113.998466 31.589326
-113.99266 31.575715
-113.971961 31.577325
-113.967062 31.566887
-114.019066 31.544437
-114.04406 31.542486
-114.040764 31.510827
-114.056962 31.503058
-114.136966 31.506529
-114.216069 31.525717
-114.32177 31.567653
-114.496275 31.688938
-114.54528 31.714209
-114.602381 31.771805
-114.626078 31.774736
-114.69418 31.788123
-114.771087 31.835914
-114.792282 31.837963
-114.860384 31.879952
-114.889789 31.882381
-114.889789 31.882381
-114.84559 31.850332
-114.831689 31.816862
-114.846382 31.756655
-114.787184 31.658177
-114.822783 31.626549
-114.853484 31.534132
-114.87158 31.437304
-114.886588 31.419264
-114.889883 31.325278
-114.892187 31.284449
-114.896581 31.262399
-114.911679 31.172263
-114.90408 31.144173
-114.850283 31.075475
-114.840982 31.065415
-114.838877 31.007577
-114.813981 30.987959
-114.762877 30.963469
-114.737975 30.943841
-114.726377 30.913342
-114.720974 30.689228
-114.65107 30.470875
-114.657272 30.413897
-114.650169 30.366159
-114.641272 30.359839
-114.665069 30.348089
-114.673766 30.313701
-114.653472 30.2828
-114.683067 30.233633
-114.673072 30.193723
-114.604267 30.073939
-114.599864 30.067247
-114.431859 29.900115
-114.432561 29.883216
-114.408559 29.851478
-114.415661 29.836217
-114.395656 29.806878
-114.347155 29.76734
-114.336054 29.75629
-114.298554 29.74955
-114.313157 29.770109
-114.303155 29.792659
-114.276055 29.78997
-114.254654 29.78191
-114.254257 29.778139
-114.242256 29.770961
-114.221152 29.765591
-114.085848 29.645996
-113.933942 29.537381
-113.932744 29.52551
-113.842241 29.424443
-113.761543 29.401404
-113.638637 29.2663
-113.662334 29.21171
-113.554329 29.055769
-113.559829 29.011819
-113.562728 28.972959
-113.578132 28.959802
-113.522329 28.896623
-113.495328 28.916671
-113.491628 28.935451
-113.501531 28.948831
-113.460125 28.973779
-113.445926 28.967791
-113.434726 28.941992
-113.416331 28.962982
-113.407626 28.956021
-113.410731 28.930762
-113.394823 28.913473
-113.401224 28.891213
-113.383623 28.882214
-113.388925 28.854055
-113.356026 28.808126
-113.315223 28.814486
-113.274005 28.847957
-113.247589 28.832812
-113.247092 28.832514
-113.242609 28.827778
-113.148317 28.628393
-113.097716 28.499349
-112.975009 28.46001
-112.94681 28.467
-112.931613 28.482279
-112.904108 28.465241
-112.882211 28.435271
-112.886407 28.434952
-112.876313 28.432433
-112.865807 28.451171
-112.848808 28.440442
-112.860008 28.415122
-112.853309 28.390566
-112.880112 28.341224
-112.881012 28.305217
-112.860511 28.263159
-112.810208 28.205301
-112.806203 28.20178
-112.820707 28.186563
-112.815304 28.094904
-112.800907 28.071986
-112.814907 28.051345
-112.813603 28.037287
-112.802303 28.028297
-112.781307 28.039645
-112.771105 28.015876
-112.775401 27.953929
-112.812007 27.95158
-112.812007 27.95158
-112.775401 27.953929
-112.779307 27.899221
-112.791308 27.883091
-112.756105 27.854065
-112.718803 27.775585
-112.664297 27.728868
-112.643499 27.708578
-112.6209 27.669331
-112.619496 27.667251
-112.510499 27.6533
-112.513399 27.638371
-112.487595 27.623332
-112.467995 27.62963
-112.366689 27.557256
-112.338489 27.474219
-112.271692 27.360653
-112.254189 27.342793
-112.203788 27.248198
-112.201583 27.222729
-112.157888 27.203968
-112.13538 27.162471
-112.077983 27.126103
-112.03808 27.130492
-111.969581 27.091585
-111.976982 27.079085
-111.99678 27.075005
-112.018677 27.046775
-112.035081 27.045645
-112.024483 27.022377
-112.031983 27.009867
-112.021477 26.986598
-111.955374 26.92571
-111.954679 26.918109
-111.872073 26.811416
-111.869074 26.775636
-111.882876 26.751786
-111.882571 26.749067
-111.841073 26.65263
-111.796173 26.602763
-111.76087 26.565336
-111.706571 26.590815
-111.716169 26.611443
-111.733671 26.623901
-111.748168 26.652931
-111.760574 26.6559
-111.808869 26.703359
-111.833872 26.791106
-111.827677 26.818254
-111.862972 26.898203
-111.822474 26.900951
-111.745468 26.845625
-111.642368 26.746198
-111.578768 26.704069
-111.571963 26.68762
-111.582964 26.577265
-111.560967 26.553085
-111.515663 26.541355
-111.480162 26.551336
-111.461859 26.527998
-111.480063 26.45317
-111.443463 26.368295
-111.409862 26.350305
-111.412661 26.286844
-111.404857 26.287356
-111.359559 26.123351
-111.344056 26.095454
-111.340759 26.008908
-111.350158 25.975548
-111.341056 25.906841
-111.295957 25.764606
-111.22935 25.730189
-111.225352 25.679679
-111.171349 25.574543
-111.142845 25.563834
-111.136344 25.535316
-111.034848 25.528705
-111.022244 25.506588
-111.031949 25.44538
-110.979639 25.334615
-110.972444 25.342712
-110.946641 25.218239
-110.924645 25.204881
-110.91774 25.169301
-110.875342 25.084615
-110.778537 25.032796
-110.706132 24.921002
-110.69323 24.885212
-110.669235 24.810816
-110.667334 24.785267
-110.693535 24.711032
-110.693832 24.714841
-110.724236 24.69822
-110.74923 24.656802
-110.743531 24.579616
-110.747032 24.579395
-110.741333 24.550816
-110.694433 24.473449
-110.702932 24.427061
-110.697828 24.398432
-110.567926 24.227329
-110.485923 24.189733
-110.446623 24.188842
-110.41512 24.197843
-110.317523 24.181864
-110.342022 24.165654
-110.428121 24.171401
-110.415121 24.139415
-110.362819 24.124535
-110.336818 24.151763
-110.306223 24.164512
-110.281519 24.21076
-110.315119 24.239869
-110.338321 24.340595
-110.33112 24.348116
-110.330425 24.338336
-110.315418 24.352887
-110.256319 24.360766
-110.196221 24.310257
-110.173019 24.260841
-110.02421 24.175062
-110.024516 24.178324
-110.009516 24.151335
-110.018115 24.102796
-110.000414 24.052511
-109.951111 24.044419
-109.837506 24.06182
-109.81191 24.034341
-109.837011 24.001791
-109.837705 23.994111
-109.845609 23.970732
-109.819104 23.928565
-109.790005 23.902357
-109.719904 23.803671
-109.718706 23.78572
-109.698502 23.721335
-109.666305 23.646696
-109.589802 23.618187
-109.5442 23.591769
-109.472597 23.573861
-109.452393 23.546024
-109.478593 23.529853
-109.421692 23.463074
-109.404593 23.380467
-109.400893 23.294434
-109.416395 23.230815
-109.489791 23.132359
-109.568895 23.077229
-109.608797 23.065191
-109.653301 23.050701
-109.694799 23.027621
-109.699803 23.022431
-109.750402 22.957883
-109.7702 22.954574
-109.775405 22.934626
-109.789702 22.891777
-109.8358 22.858577
-109.8741 22.850369
-109.934008 22.864939
-109.995204 22.897976
-110.125007 23.098406
-110.164209 23.2632
-110.165317 23.338508
-110.216213 23.408105
-110.279013 23.517958
-110.325317 23.561598
-110.342217 23.574787
-110.427524 23.632983
-110.468724 23.653413
-110.541326 23.681742
-110.617028 23.727879
-110.650629 23.756929
-110.760228 23.826555
-110.760327 23.827645
-110.886437 23.981909
-110.928934 24.008707
-110.925333 24.008936
-111.023336 24.100433
-111.099739 24.15013
-111.460451 24.336151
-111.461252 24.34702
-111.502574 24.382002
-111.51248 24.366072
-111.494291 24.356809
-111.501328 24.348681
-111.623012 24.377809
-111.646817 24.369815
-111.679944 24.358959
-111.720554 24.352989
-111.735896 24.333194
-111.926918 24.475719
-111.956611 24.477699
-111.971952 24.498978
-112.036781 24.531146
-112.022925 24.546487
-111.967004 24.539064
-111.953147 24.526197
-111.927413 24.535599
-111.866543 24.536094
-111.864069 24.51432
-111.834871 24.497989
-111.829427 24.472255
-111.774001 24.469286
-111.752721 24.416334
-111.723524 24.395549
-111.71808 24.356454
-111.720435 24.353121
-111.681107 24.358855
-111.684702 24.363176
-111.690862 24.36932
-111.652756 24.404457
-111.635387 24.387579
-111.564668 24.39258
-111.512501 24.366115
-111.502604 24.382014
-111.524507 24.400625
-111.559651 24.420159
-111.574651 24.414229
-111.596052 24.428626
-111.627952 24.483276
-111.623359 24.521283
-111.645256 24.548751
-111.642555 24.559861
-111.702257 24.595671
-111.716959 24.57882
-111.715059 24.554922
-111.75976 24.568783
-111.765758 24.546523
-111.794063 24.549492
-111.796962 24.542181
-111.784458 24.535394
-111.783259 24.520183
-111.827458 24.528051
-111.827458 24.571221
-111.840558 24.585061
-111.836362 24.58535
-111.880461 24.669715
-111.951264 24.751642
-111.991068 24.847198
-112.003863 24.857229
-111.999865 24.809981
-111.984064 24.764103
-111.986162 24.745932
-112.002665 24.750782
-112.022067 24.746684
-112.043567 24.759921
-112.037967 24.793101
-112.045269 24.829739
-112.050869 24.83208
-112.073765 24.834278
-112.071469 24.765053
-112.08247 24.753353
-112.082768 24.757153
-112.119467 24.8152
-112.109372 24.815919
-112.12747 24.888396
-112.101667 24.915906
-112.111868 24.944135
-112.102369 24.938794
-112.093465 24.946526
-112.106268 24.969664
-112.109267 25.004962
-112.116973 25.004413
-112.152572 24.951083
-112.14337 24.934255
-112.14537 24.916076
-112.160171 24.899188
-112.153373 24.868528
-112.160468 24.812288
-112.168769 24.817719
-112.185073 24.833488
-112.165069 24.914684
-112.176468 24.949393
-112.173874 24.968684
-112.161971 24.969531
-112.13327 25.05407
-112.158371 25.095988
-112.158569 25.098158
-112.140869 25.172076
-112.126274 25.190034
-112.123083 25.22157
-112.119136 25.248995
-112.113149 25.257415
-112.140279 25.266084
-112.152088 25.199231
-112.175347 25.134402
-112.186729 25.066109
-112.174358 25.013652
-112.204545 24.954266
-112.194648 24.917151
-112.213061 24.909424
-112.208504 24.898345
-112.229289 24.860734
-112.218897 24.835496
-112.202071 24.825103
-112.183265 24.794421
-112.154562 24.771161
-112.128829 24.71722
-112.147634 24.667732
-112.098641 24.59548
-112.088249 24.558364
-112.107054 24.557869
-112.122395 24.593005
-112.134272 24.600923
-112.141696 24.622698
-112.170399 24.645462
-112.178317 24.677135
-112.166439 24.686042
-112.167429 24.741469
-112.20306 24.778585
-112.24463 24.789967
-112.2669 24.780564
-112.273333 24.769677
-112.285705 24.770172
-112.321336 24.805803
-112.263048 24.928309
-112.166405 25.201019
-112.158629 25.238232
-112.156408 25.258783
-112.140211 25.266534
-112.112962 25.257602
-112.10642 25.265448
-112.099491 25.250679
-112.100311 25.269891
-112.092535 25.296551
-112.079772 25.349538
-112.096794 25.366602
-112.09187 25.385478
-112.099256 25.392043
-112.095563 25.430614
-112.07997 25.447848
-112.102128 25.490522
-112.086125 25.582846
-112.074225 25.593105
-112.074636 25.607466
-112.093101 25.627572
-112.073405 25.642344
-112.086967 25.674106
-112.108068 25.645107
-112.105892 25.619298
-112.10624 25.61061
-112.108525 25.509775
-112.121461 25.52344
-112.130207 25.486407
-112.110575 25.491418
-112.113982 25.365015
-112.115467 25.308104
-112.138726 25.296722
-112.14516 25.328889
-112.133283 25.350664
-112.130526 25.486316
-112.121644 25.523667
-112.119619 25.599837
-112.118931 25.63126
-112.113364 25.655614
-112.108068 25.645176
-112.087002 25.67415
-112.089037 25.680114
-112.078973 25.699656
-112.107577 25.703646
-112.119571 25.751403
-112.209578 25.983643
-112.283578 26.083761
-112.290384 26.064709
-112.30298 26.071461
-112.39758 26.231735
-112.445884 26.264292
-112.478988 26.276633
-112.50499 26.249094
-112.607791 26.321849
-112.670789 26.335248
-112.68649 26.32701
-112.765396 26.395965
-112.778092 26.402115
-112.795892 26.423735
-112.981605 26.53704
-112.919599 26.52259
-112.846896 26.477264
-112.837893 26.485022
-112.930997 26.546859
-113.0205 26.569588
-113.070101 26.619877
-113.069803 26.649375
-113.090205 26.690954
-113.138706 26.734751
-113.137302 26.74577
-113.163007 26.77984
-113.151906 26.817249
-113.189909 26.807249
-113.21231 26.773889
-113.233306 26.777189
-113.230505 26.74847
-113.256409 26.809259
-113.224005 26.807919
-113.191511 26.824049
-113.150404 26.885036
-113.169005 26.997132
-113.190307 27.01024
-113.225807 26.954581
-113.226409 26.877055
-113.239906 26.846537
-113.272813 26.853835
-113.287614 26.842876
-113.290414 26.75806
-113.331415 26.779459
-113.373111 26.802416
-113.368915 26.802747
-113.406612 26.814565
-113.442815 26.811738
-113.450116 26.830266
-113.415814 26.828576
-113.412915 26.835907
-113.426717 26.852836
-113.471616 26.845506
-113.501013 26.829016
-113.499616 26.814385
-113.541618 26.789257
-113.551116 26.762307
-113.570816 26.758029
-113.585014 26.72305
-113.608414 26.72611
-113.607918 26.72124
-113.701923 26.798406
-113.757123 26.815824
-113.768225 26.853703
-113.781325 26.893602
-113.857926 26.970979
-113.914126 27.003018
-113.976033 27.018738
-114.029432 27.010567
-114.03063 26.992456
-114.09243 27.072025
-114.202037 27.147621
-114.260739 27.165698
-114.296636 27.159439
-114.311339 27.136381
-114.35144 27.169069
-114.384041 27.166339
-114.406342 27.186308
-114.429643 27.176169
-114.451143 27.177628
-114.458842 27.221747
-114.502643 27.242637
-114.497547 27.246336
-114.510342 27.391011
-114.513043 27.39297
-114.533743 27.42125
-114.601845 27.474977
-114.60495 27.474717
-114.727352 27.531964
-114.745853 27.527103
-114.832953 27.64188
-114.861458 27.639418
-114.868652 27.632249
-114.901056 27.664928
-114.869652 27.674748
-114.888657 27.703118
-114.924761 27.696716
-114.936556 27.680958
-114.965556 27.722097
-114.968555 27.721826
-115.011357 27.742126
-115.023862 27.733935
-115.098762 27.85564
-115.09656 27.869406
-115.195468 28.044174
-115.200001 28.04157
-115.251373 28.042669
-115.27968 28.093962
-115.315365 28.114745
-115.379674 28.109647
-115.374185 28.131606
-115.343598 28.150037
-115.330266 28.146899
-115.274975 28.230424
-115.26674 28.242188
-115.287915 28.285322
-115.292621 28.359436
-115.267132 28.399825
-115.245565 28.393943
-115.194588 28.333947
-115.168315 28.279048
-115.169883 28.228855
-115.158119 28.193171
-115.158511 28.156703
-115.194195 28.100236
-115.192473 28.046012
-115.195461 28.044182
-115.096548 27.869455
-115.073562 27.869019
-115.060858 27.868771
-115.00826 27.847721
-114.999463 27.846301
-114.929561 27.841463
-114.865159 27.825204
-114.795753 27.824073
-114.733152 27.807604
-114.732351 27.800035
-114.60425 27.789644
-114.581148 27.803595
-114.542244 27.794884
-114.483245 27.811834
-114.365941 27.886532
-114.32014 27.894163
-114.306445 27.881104
-114.316546 27.859555
-114.311739 27.826116
-114.326442 27.795997
-114.319644 27.772017
-114.291742 27.740497
-114.255738 27.71838
-114.200736 27.702181
-114.116238 27.631644
-114.110737 27.632084
-114.057734 27.670222
-114.078639 27.701252
-114.071239 27.712761
-114.014635 27.673723
-113.988534 27.670922
-113.957329 27.725261
-114.012438 27.77209
-114.030536 27.75207
-114.065838 27.814659
-114.079937 27.820597
-114.058635 27.74488
-114.069835 27.734702
-114.098538 27.739461
-114.120938 27.718541
-114.159338 27.734489
-114.187537 27.811805
-114.193443 27.850055
-114.162337 27.882043
-114.166038 27.917742
-114.206742 27.943301
-114.225442 27.927603
-114.262644 27.931624
-114.269442 27.914163
-114.281641 27.913154
-114.292743 27.943862
-114.287745 27.955041
-114.287745 27.955041
-114.110037 27.949243
-114.084341 27.950894

-114.084341 27.950894
-114.110037 27.949243
-114.287745 27.955041
-114.279346 27.973872
-114.132537 28.092226
-114.128738 28.055999
-114.157738 28.021479
-114.155144 27.99607
-114.141441 27.982461
-114.117041 27.984441
-114.106742 28.038719
-114.087042 28.0087
-114.049939 28.04824
-114.07504 28.053289
-114.080435 28.06375
-114.110542 28.076029
-114.115341 28.122515
-114.083442 28.200333
-114.074836 28.195024
-114.083235 28.132766
-114.070242 28.126176
-114.050741 28.211152
-114.081543 28.259353
-114.07714 28.216642
-114.089142 28.226033
-114.100442 28.257812
-114.129739 28.261443
-114.130242 28.266301
-114.065842 28.387586
-114.063042 28.438496
-114.083543 28.516923
-114.10364 28.538182
-114.14014 28.574989
-114.172841 28.574512
-114.172146 28.60399
-114.191549 28.671046
-114.25035 28.684226
-114.268646 28.664746
-114.285851 28.669337
-114.309945 28.704935
-114.329447 28.731124
-114.347048 28.734563
-114.359553 28.747704
-114.378451 28.796801
-114.406048 28.82394
-114.395253 28.838979
-114.448454 28.914638
-114.511856 28.951305
-114.551553 28.940926
-114.588854 28.982464
-114.587558 28.970586
-114.600657 28.976573
-114.635258 29.06787
-114.660863 29.109281
-114.699461 29.12781
-114.712066 29.112059
-114.787164 29.197716
-114.833369 29.228645
-114.964073 29.366098
-115.074473 29.414306
-115.11597 29.418337
-115.150975 29.436535
-115.156278 29.433904
-115.179174 29.427026
-115.201079 29.439805
-115.233078 29.501793
-115.275278 29.533482
-115.32268 29.551101
-115.413984 29.5877
-115.455985 29.627526
-115.473182 29.630358
-115.500786 29.621927
-115.541986 29.643847
-115.581691 29.700724
-115.615886 29.705825
-115.64639 29.721603
-115.722091 29.787172
-115.696494 29.818319
-115.698691 29.82138
-115.710189 29.860609
-115.777697 29.966594
-115.8203 29.983412
-115.816494 29.988115
-115.801998 30.11286
-115.807095 30.12926
-115.855399 30.334733
-115.900399 30.386101
-115.940707 30.413429
-115.978908 30.418659
-115.984104 30.425248
-115.942103 30.456757
-115.976505 30.502006
-116.003003 30.513726
-115.987705 30.475459
-115.990604 30.442588
-116.002407 30.436627
-116.023709 30.467288
-116.029607 30.453706
-116.002308 30.404569
-116.009205 30.378399
-116.030209 30.391169
-116.040609 30.430968
-116.059004 30.458097
-116.044707 30.640301
-116.05851 30.717261
-116.104014 30.836915
-116.163113 30.877674
-116.162212 30.870154
-116.193211 30.881972
-116.214415 30.915862
-116.252319 30.95254
-116.261513 30.981541
-116.278618 30.98703
-116.337717 30.95552
-116.351915 30.968321
-116.355921 31.000518
-116.333315 31.056888
-116.327716 31.112755
-116.357121 31.232661
-116.448227 31.324039
-116.56593 31.480103
-116.608633 31.482082
-116.626227 31.520561
-116.668831 31.547471
-116.708436 31.594158
-116.665833 31.603038
-116.684236 31.637637
-116.680436 31.637987
-116.67663 31.706646
-116.740536 31.745073
-116.760533 31.767574
-116.757435 31.778163
-116.754933 31.778404
-116.724834 31.756303
-116.681635 31.745735
-116.649034 31.753665
-116.638231 31.768223
-116.635332 31.81508
-116.649233 31.854412
-116.75324 31.897748
-116.77674 31.9172
-116.803436 31.961267
-116.829239 31.984286
-116.891741 32.009787
-116.91624 32.037255
-116.923946 32.061974
-116.921345 32.105001
-116.937344 32.130001
-116.954443 32.231767
-117.000747 32.249029
-117.019844 32.263977
-117.044251 32.269776
-117.113453 32.364354
-117.143255 32.429683
-117.141951 32.568808
-117.140917 32.568907
-117.139377 32.569054
-117.08775 32.573996
-116.766644 32.599439
-114.757392 32.736646
-114.766396 32.715705
-114.79779 32.642701
-114.817496 32.631359
-114.802794 32.575342
-114.803438 32.573765
-114.809428 32.559082
-114.832191 32.503292
-114.832191 32.503292
-114.812812 32.497235
-114.564788 32.419708
-114.555026 32.416556
-114.550323 32.415134
-114.402893 32.370335
-114.379295 32.363152
-114.288467 32.335423
-114.265831 32.328503
-114.208504 32.31094
-114.197533 32.307583
-114.111008 32.281021
-114.056549 32.264263
-114.051842 32.262814
-114.050293 32.262348
-114.049438 32.262077
-114.012146 32.250587
-114.000771 32.247063
-113.976768 32.239616
-113.961044 32.234764
-113.948868 32.231007
-113.909096 32.2187
-113.886932 32.211842
-113.883842 32.210885
-113.874588 32.208019
-113.845161 32.198895
-113.83622 32.196125
-113.816078 32.189869
-113.796318 32.183739
-113.785606 32.18045
-113.750801 32.169754
-113.706741 32.155865
-113.704735 32.155239
-113.693695 32.151798
-113.663269 32.142311
-113.645401 32.136742
-113.641663 32.135571
-113.634911 32.133465
-113.586159 32.118233
-113.558533 32.109573
-113.513565 32.095501
-113.493393 32.089165
-113.441566 32.072895
-113.418427 32.065624
-113.380287 32.053635
-113.356659 32.046185
-113.331627 32.038296
-113.302971 32.029259
-113.278252 32.02145
-113.215248 32.001526
-113.212326 32.000607
-113.168045 31.986584
-113.155312 31.982546
-113.106163 31.967714
-113.073563 31.957859
-113.016029 31.940443
-113.009064 31.938335
-112.905609 31.906921
-112.843246 31.887951
-112.830742 31.884136
-112.822227 31.881527
-112.818398 31.880362
-112.799492 31.874582
-112.771309 31.865967
-112.744858 31.857893
-112.742111 31.857054
-112.720161 31.850325
-112.685158 31.839586
-112.681633 31.838497
-112.668091 31.834339
-112.610428 31.816631
-112.504852 31.784082
-112.460205 31.770292
-112.436447 31.762957
-112.417633 31.757137
-112.374008 31.743631
-112.320625 31.727079
-112.315575 31.72551
-112.208679 31.692272
-112.111679 31.662004
-112.100342 31.658461
-112.075943 31.650833
-112.075111 31.650568
-112.027168 31.635513
-112.004845 31.6285
-112.000687 31.627199
-111.951218 31.611622
-111.816383 31.569103
-111.761795 31.551863
-111.715424 31.537186
-111.652576 31.517248
-111.162284 31.349598
-111.087682 31.32277
-110.880011 31.333351
-110.868095 31.333441
-110.848877 31.333569
-110.828178 31.333721
-110.75531 31.333483
-110.744057 31.333443
-110.697746 31.333576
-110.660866 31.333668
-110.622482 31.333748
-110.563614 31.333853
-110.423233 31.333986
-110.383995 31.334002
-110.351349 31.334
-110.32711 31.333988
-110.272949 31.333963
-110.147552 31.333815
-110.099213 31.333719
-110.056709 31.333626
-110.000626 31.334057
-109.986908 31.333994
-109.952682 31.334116
-109.948357 31.334143
-109.936012 31.334227
-109.917336 31.334169
-109.87339 31.334061
-109.852264 31.334049
-109.807541 31.334059
-109.789223 31.334061
-109.629768 31.334057
-109.62532 31.334063
-109.569145 31.334055
-109.563385 31.334055
-109.561157 31.334057
-109.537544 31.334053
-109.510025 31.33408
-109.287811 31.334061
-109.256142 31.334055
-109.088089 31.33461
-108.926414 31.334892
-108.917526 31.334892
-108.869408 31.334936
-108.867622 31.334938
-108.865852 31.33493
-108.835927 31.334938
-108.835927 31.334938
-108.754272 31.334957
-108.636131 31.334892
-108.628357 31.334894
-108.208611 31.333504
-108.208618 31.401836
-108.208618 31.423765
-108.208618 31.459066
-108.208618 31.465485
-108.204234 31.728271
-108.20181 31.778611
-106.665063 31.781458
-106.543264 31.78176
-106.498058 31.74282
-106.489886 31.748508
-106.465557 31.76544
-106.432062 31.76383
-106.414542 31.750137
-106.38836 31.729672
-106.260654 31.518578
-106.221171 31.488464
-106.180781 31.457658
-106.16328 31.444311
-106.149894 31.434101
-106.124747 31.414922
-106.065343 31.391911
-106.013638 31.393465
-105.965441 31.394913
-105.941842 31.371333
-105.940339 31.334143
-105.943794 31.330979
-105.948244 31.326904
-105.941863 31.326371
-105.914841 31.324113
-105.854643 31.279467
-105.826546 31.238209
-105.820053 31.2318
-105.81678 31.228046
-105.810669 31.221029
-105.807404 31.217157
-105.803189 31.212179
-105.786169 31.199474
-105.782856 31.197002
-105.715738 31.146901
-105.693132 31.130801
-105.6707 31.123233
-105.662741 31.120548
-105.661957 31.11964
-105.660077 31.119649
-105.659866 31.11965
-105.657907 31.118917
-105.654613 31.117805
-105.648731 31.115821
-105.634032 31.110862
-105.590932 31.083453
-105.573584 31.019124
-105.569828 31.005195
-105.565883 31.00234
-105.54186 30.98496
-105.515753 30.966072
-105.515687 30.966025
-105.497076 30.95256
-105.493199 30.949755
-105.49311 30.949691
-105.478707 30.93927
-105.477846 30.938647
-105.471655 30.934169
-105.470814 30.93356
-105.45905 30.925049
-105.453568 30.921083
-105.449175 30.917905
-105.445148 30.914991
-105.434953 30.907615
-105.4116 30.89072
-105.411528 30.890668
-105.41085 30.889558
-105.395833 30.864998
-105.388883 30.853631
-105.379026 30.83751
-105.325626 30.815142
-105.31764 30.82197
-105.308024 30.830191
-105.279124 30.827149
-105.218924 30.80534
-105.217094 30.806337
-105.215515 30.805792
-105.214325 30.804222
-105.214134 30.803605
-105.14672 30.779182
-105.074116 30.724265
-105.045667 30.689996
-105.042992 30.688782
-105.042351 30.688766
-105.041313 30.689838
-105.040558 30.689995
-105.038681 30.689356
-105.036087 30.687799
-105.035873 30.687577
-105.03495 30.686615
-105.034904 30.686544
-105.032471 30.68244
-105.031921 30.681793
-105.030899 30.681595
-105.029694 30.681725
-105.027016 30.680344
-105.026718 30.680492
-105.02523 30.682302
-105.024101 30.682989
-105.022392 30.682398
-105.021973 30.682415
-105.020744 30.683355
-105.018509 30.685623
-105.018478 30.685621
-105.01786 30.685856
-105.017151 30.685823
-105.016701 30.685522
-105.016304 30.685255
-105.015091 30.683657
-105.013878 30.682976
-105.013374 30.683039
-105.013039 30.683216
-105.011993 30.684072
-105.011116 30.685209
-105.01107 30.685268
-105.010907 30.685569
-105.010551 30.686222
-105.010162 30.686634
-105.009369 30.687099
-105.008347 30.687235
-105.005188 30.685852
-105.004535 30.685057
-104.997812 30.684516
-104.97181 30.633259
-104.974213 30.629959
-104.941711 30.60912
-104.940606 30.60438
-104.932312 30.56881
-104.873509 30.466954
-104.861209 30.391555
-104.858702 30.391614
-104.853108 30.391746
-104.852078 30.384807
-104.84991 30.370186
-104.759954 30.277643
-104.755172 30.272723
-104.749639 30.267031
-104.743103 30.260307
-104.737304 30.254342
-104.716557 30.24314
-104.716072 30.242575
-104.714989 30.239565
-104.713951 30.238728
-104.711182 30.237745
-104.708237 30.235947
-104.706772 30.234196
-104.706322 30.231411
-104.70697 30.229788
-104.708145 30.226875
-104.709839 30.225416
-104.71051 30.224089
-104.710022 30.22271
-104.70726 30.218521
-104.705322 30.216381
-104.704033 30.214798
-104.703377 30.213215
-104.704842 30.208956
-104.704308 30.207685
-104.702301 30.207043
-104.700546 30.20554
-104.700172 30.202267
-104.699524 30.199673
-104.698489 30.199002
-104.700494 30.065253
-104.700705 30.051217
-104.701883 30.046031
-104.711698 30.002817
-104.703504 30.017608
-104.7022 29.974339
-104.687398 29.938419
-104.681252 29.930646
-104.661435 29.905585
-104.658729 29.902163
-104.63424 29.871194
-104.634203 29.871147
-104.614521 29.846257
-104.614288 29.845962
-104.614281 29.844666
-104.613258 29.843328
-104.612869 29.84292
-104.61261 29.842302
-104.61155 29.8425
-104.61142 29.842335
-104.597795 29.825105
-104.593018 29.810979
-104.589501 29.800582
-104.587953 29.796006
-104.580895 29.775136
-104.546592 29.682208
-104.536436 29.674953
-104.530278 29.670553
-104.528927 29.669588
-104.483296 29.636991
-104.477846 29.628489
-104.476726 29.626742
-104.471552 29.618672
-104.46763 29.612554
-104.465625 29.609425
-104.453494 29.590503
-104.384636 29.546411
-104.378882 29.542726
-104.33059 29.511803
-104.314285 29.528925
-104.311198 29.528986
-104.295089 29.529305
-104.256185 29.509504
-104.252173 29.505332
-104.233487 29.485903
-104.227892 29.480086
-104.212854 29.464449
-104.188183 29.438797
-104.16634 29.402363
-104.164907 29.399974
-104.159046 29.390198
-104.145479 29.367569
-104.128984 29.376011
-104.121759 29.372444
-104.118737 29.370951
-104.09047 29.356994
-104.003179 29.313893
-103.96658 29.331362
-103.906275 29.293964
-103.811272 29.273953
-103.810403 29.273221
-103.808387 29.271522
-103.798674 29.263335
-103.798112 29.259191
-103.794273 29.230895
-103.777274 29.219267
-103.772776 29.221261
-103.768796 29.223027
-103.760771 29.226586
-103.757247 29.223724
-103.752252 29.219669
-103.74182 29.211199
-103.71004 29.185395
-103.696667 29.174538
-103.659071 29.170367
-103.611778 29.165122
-103.608991 29.164813
-103.58587 29.162248
-103.572083 29.154441
-103.523685 29.127034
-103.523468 29.126911
-103.517066 29.120598
-103.471409 29.075575
-103.463077 29.067358
-103.422763 29.027605
-103.371958 29.013724
-103.366257 29.020079
-103.345361 29.043373
-103.345304 29.043346
-103.327348 29.034903
-103.25936 29.002933
-103.265566 28.995708
-103.269615 28.990993
-103.269615 28.990993
-103.265566 28.995708
-103.25936 29.002933
-103.25936 29.002933
-103.261259 28.998484
-103.228937 28.990475
-103.225182 28.989544
-103.215631 28.987177
-103.207356 28.985127
-103.196732 28.985269
-103.161152 28.985747
-103.137949 29.000145
-103.098353 29.065713
-103.076442 29.078956
-103.048058 29.09611
-103.04155 29.100043
-103.001351 29.17262
-102.997539 29.174288
-102.972891 29.185068
-102.914814 29.210469
-102.904328 29.215056
-102.899449 29.217189
-102.891049 29.23192
-102.897779 29.254278
-102.901122 29.265386
-102.904051 29.275116
-102.900945 29.313616
-102.880832 29.33482
-102.864855 29.351663
-102.847951 29.369484
-102.844695 29.374643
-102.844365 29.375166
-102.825479 29.405093
-102.823849 29.407675
-102.81635 29.451082
-102.818623 29.46614
-102.825246 29.510011
-102.78085 29.564658
-102.777446 29.586357
-102.739306 29.624634
-102.736543 29.627406
-102.731365 29.641008
-102.724543 29.658928
-102.690156 29.711517
-102.67714 29.731423
-102.661042 29.728884
-102.650598 29.734677
-102.581542 29.772975
-102.572558 29.768509
-102.559831 29.762183
-102.544141 29.754384
-102.518027 29.782703
-102.516864 29.783963
-102.512937 29.788223
-102.488762 29.786969
-102.48605 29.786829
-102.389818 29.78184
-102.388138 29.781753
-102.38611 29.784963
-102.377615 29.798407
-102.33316 29.86876
-102.330733 29.872601
-102.323951 29.874434
-102.318336 29.875952
-102.283285 29.866016
-102.275579 29.863832
-102.26291 29.860241
-102.251021 29.85687
-102.24416 29.854925
-102.19309 29.840449
-102.186328 29.838532
-102.179486 29.834329
-102.144526 29.812852
-102.078628 29.796513
-102.035926 29.813575
-101.994428 29.818693
-101.977588 29.815656
-101.972355 29.814712
-101.895625 29.800873
-101.866518 29.816714
-101.823016 29.810004
-101.815621 29.808864
-101.807326 29.798807
-101.798721 29.788375
-101.77832 29.798215
-101.74652 29.783754
-101.6282 29.769829
-101.608714 29.767535
-101.59814 29.773059
-101.573708 29.785823
-101.538811 29.804054
-101.538649 29.774481
-101.538613 29.767786
-101.485411 29.793384
-101.460608 29.789676
-101.460567 29.789603
-101.454158 29.77812
-101.44251 29.757248
-101.410908 29.775187
-101.408916 29.771063
-101.402709 29.758207
-101.375353 29.701554
-101.372148 29.694915
-101.355303 29.66003
-101.322504 29.670922
-101.331209 29.6747
-101.320107 29.67959
-101.311097 29.657688
-101.306305 29.646041
-101.318605 29.600541
-101.306206 29.577282
-101.303771 29.576425
-101.295359 29.573462
-101.289406 29.571365
-101.264701 29.602811
-101.248117 29.560071
-101.248787 29.559521
-101.255562 29.54933
-101.260902 29.53824
-101.261014 29.531859
-101.261032 29.530834
-101.257866 29.525616
-101.254944 29.520803
-101.246506 29.52252
-101.236473 29.524561
-101.227028 29.52265
-101.209251 29.521391
-101.193596 29.520161
-101.180443 29.517118
-101.174103 29.514849
-101.171494 29.504208
-101.169716 29.501581
-101.162285 29.490602
-101.152023 29.478468
-101.142006 29.47274
-101.129753 29.47855
-101.115639 29.468252
-101.102654 29.470175
-101.088638 29.469521
-101.060097 29.458523
-101.057358 29.449926
-101.05718 29.448478
-101.042297 29.450318
-101.0392 29.449228
-100.991491 29.3772
-100.865487 29.298053
-100.778992 29.254624
-100.76789 29.239977
-100.76309 29.182537
-100.746979 29.154637
-100.746488 29.153787
-100.738122 29.149192
-100.689084 29.122258
-100.671284 29.099461
-100.667893 29.086008
-100.663313 29.067838
-100.623545 28.910057
-100.622484 28.905847
-100.614502 28.901901
-100.613622 28.901465
-100.601459 28.895451
-100.564079 28.876967
-100.543883 28.826479
-100.527381 28.815598
-100.519582 28.761342
-100.498777 28.732542
-100.490979 28.669603
-100.436373 28.641766
-100.432781 28.611916
-100.399775 28.591177
-100.399074 28.585577
-100.397665 28.574329
-100.396174 28.562417
-100.379679 28.53686
-100.334976 28.507939
-100.318572 28.486171
-100.329771 28.461252
-100.317672 28.417794
-100.325874 28.389065
-100.28127 28.345466
-100.262569 28.292196
-100.253567 28.262298
-100.245069 28.247618
-100.224873 28.240457
-100.194971 28.21155
-100.182971 28.184891
-100.150567 28.167892
-100.149441 28.167576
-100.129785 28.162055
-100.089469 28.150731
-100.053466 28.127723
-100.045066 28.107044
-100.007367 28.076425
-99.978931 27.998999
-99.975589 27.989898
-99.940712 27.982995
-99.91881 27.97866
-99.918833 27.975949
-99.905168 27.913847
-99.899083 27.886193
-99.897652 27.879693
-99.884302 27.867643
-99.878093 27.84378
-99.87593 27.835466
-99.86504 27.793613
-99.863633 27.788206
-99.843337 27.774495
-99.827982 27.764121
-99.810819 27.752527
-99.810819 27.752527
-99.807128 27.756296
-99.803805 27.753619
-99.777684 27.732579
-99.757969 27.716698
-99.730198 27.694328
-99.715755 27.661344
-99.714685 27.6589
-99.714685 27.6589
-99.711173 27.657963
-99.701044 27.65526
-99.668442 27.646559
-99.66399 27.641167
-99.655668 27.63109
-99.648567 27.622491
-99.611901 27.62924
-99.576158 27.613981
-99.560508 27.607299
-99.53784 27.597622
-99.536177 27.595425
-99.519542 27.573444
-99.51382 27.565883
-99.513418 27.559254
-99.510754 27.515325
-99.488956 27.503164
-99.487533 27.494821
-99.482947 27.46792
-99.472438 27.406287
-99.490688 27.35592
-99.518024 27.307791
-99.510785 27.304377
-99.498057 27.298373
-99.491812 27.281472
-99.483735 27.259612
-99.482738 27.256914
-99.454135 27.257733
-99.441526 27.234991
-99.438074 27.228766
-99.436584 27.214029
-99.430906 27.157855
-99.429932 27.148227
-99.431015 27.134538
-99.432052 27.121415
-99.433897 27.098085
-99.435423 27.07879
-99.437836 27.048273
-99.429155 27.010139
-99.426299 26.997594
-99.391062 26.95192
-99.376157 26.932599
-99.334973 26.879217
-99.34162 26.78791
-99.349667 26.773321
-99.361792 26.77344
-99.345784 26.747171
-99.330021 26.747011
-99.301006 26.787492
-99.297001 26.816279
-99.29157 26.81404
-99.264895 26.76916
-99.265186 26.747402
-99.246637 26.731424
-99.244571 26.704753
-99.236841 26.694875
-99.223634 26.641966
-99.24132 26.632367
-99.269626 26.642474
-99.277544 26.638755
-99.277729 26.625696
-99.240854 26.576877
-99.171436 26.543514
-99.158546 26.537319
-99.156768 26.53513
-99.145111 26.528679
-99.115348 26.512208
-99.107565 26.507901
-99.105057 26.500246
-99.094282 26.467368
-99.092527 26.462012
-99.093014 26.428284
-99.090524 26.408962
-99.089222 26.398864
-99.061038 26.384364
-99.01358 26.394356
-98.97558 26.402356
-98.974197 26.401137
-98.953818 26.383191
-98.939835 26.370875
-98.936375 26.370829
-98.903595 26.370396
-98.900208 26.369401
-98.873154 26.361445
-98.851292 26.355016
-98.823523 26.354637
-98.755491 26.306303
-98.739203 26.294731
-98.715935 26.278201
-98.697528 26.265123
-98.678687 26.251737
-98.656069 26.235669
-98.649994 26.231352
-98.590056 26.241352
-98.579615 26.234479
-98.578126 26.233498
-98.557882 26.220172
-98.518201 26.212484
-98.498569 26.198024
-98.443863 26.200116
-98.438197 26.200332
-98.429979 26.194023
-98.421734 26.187694
-98.416225 26.183465
-98.403158 26.173433
-98.399123 26.170335
-98.39084 26.163977
-98.385314 26.159734
-98.370984 26.157544
-98.356349 26.155306
-98.348974 26.154179
-98.34143 26.153026
-98.333334 26.141609
-98.315086 26.115876
-98.307033 26.10452
-98.30648 26.10374
-98.305096 26.101788
-98.304372 26.102292
-98.299227 26.105868
-98.289806 26.112417
-98.270845 26.10635
-98.264653 26.104368
-98.241138 26.076189
-98.238793 26.075437
-98.20304 26.063972
-98.189681 26.059688
-98.149551 26.04682
-98.084267 26.05652
-98.070117 26.049798
-98.062554 26.046205
-98.04015 26.035561
-97.979519 26.062046
-97.976832 26.063219
-97.952395 26.062273
-97.951706 26.062429
-97.949028 26.062288
-97.948331 26.062116
-97.936825 26.06167
-97.929655 26.061392
-97.904116 26.060403
-97.871314 26.059133
-97.86834 26.059018
-97.861892 26.058768
-97.835327 26.05774
-97.827254 26.053403
-97.816351 26.047545
-97.811681 26.045037
-97.807967 26.043041
-97.797807 26.040987
-97.769846 26.035335
-97.763298 26.034012
-97.752228 26.031774
-97.749001 26.031121
-97.743216 26.029952
-97.720753 26.025411
-97.71694 26.02464
-97.692919 26.019784
-97.691014 26.019399
-97.68806 26.018802
-97.633675 25.994133
-97.632683 25.993683
-97.627509 25.988658
-97.608246 25.969947
-97.608536 25.969267
-97.609665 25.968155
-97.610184 25.967026
-97.609825 25.965891
-97.608841 25.964531
-97.606728 25.962929
-97.604996 25.962011
-97.603638 25.960531
-97.603546 25.960371
-97.60218 25.958031
-97.601303 25.957235
-97.599449 25.956541
-97.598198 25.95686
-97.597191 25.957531
-97.596678 25.958711
-97.577904 25.940475
-97.571691 25.93444
-97.566991 25.929875
-97.562765 25.92577
-97.561041 25.924096
-97.533113 25.910405
-97.501455 25.894885
-97.496537 25.892474
-97.47708 25.882936
-97.472946 25.880909
-97.467259 25.878121
-97.455706 25.872458
-97.452893 25.871079
-97.451584 25.869297
-97.447356 25.863543
-97.43706 25.849529
-97.429698 25.839508
-97.404971 25.837674
-97.404786 25.837661
-97.37684 25.835588
-97.37519 25.840057
-97.369963 25.854215
-97.367946 25.859678
-97.360424 25.880057
-97.358096 25.886362
-97.357045 25.889208
-97.347536 25.914967
-97.331424 25.919735
-97.324803 25.921695
-97.308694 25.926463
-97.305806 25.927317
-97.303216 25.928084
-97.303827 25.929265
-97.303749 25.930948
-97.304283 25.933151
-97.304184 25.935635
-97.303658 25.936989
-97.302467 25.937597
-97.300903 25.93775
-97.298859 25.937155
-97.2985 25.936073
-97.298149 25.934383
-97.297089 25.933636
-97.29567 25.933449
-97.294411 25.934111
-97.293457 25.935406
-97.292442 25.93623
-97.290695 25.93655
-97.287567 25.936401
-97.284767 25.936201
-97.282578 25.93589
-97.279289 25.93523
-97.277428 25.934984
-97.276482 25.935591
-97.276154 25.936888
-97.276938 25.939397
-97.141717 25.950549
-97.141717 25.950549
-97.138141 25.950844
-97.146624 25.766442
-97.153576 25.755723
-97.168696 25.772973
-97.201871 25.749263
-97.181858 25.734621
-97.182429 25.715035
-97.20335 25.698655
-97.2309 25.702034
-97.263358 25.681014
-97.268164 25.618497
-97.25736 25.618248
-97.236791 25.643895
-97.232794 25.636728
-97.200772 25.643036
-97.182492 25.672015
-97.158351 25.716083
-97.15475 25.715994
-97.15501 25.707283
-97.238523 25.542638
-97.30841 25.428264
-97.369969 25.306728
-97.457292 25.136973
-97.457407 25.133166
-97.503264 25.016146
-97.503626 25.015971
-97.516115 25.009923
-97.527028 25.046624
-97.548963 24.978894
-97.564346 24.906987
-97.593507 24.774972
-97.635673 24.577934
-97.651436 24.542073
-97.657742 24.529068
-97.673505 24.501483
-97.684539 24.401782
-97.706607 24.161789
-97.714094 24.015587
-97.718035 23.915098
-97.735423 23.833411
-97.747985 23.830371
-97.751261 23.841682
-97.739709 23.991943
-97.729857 24.116077
-97.731434 24.145238
-97.738667 24.205182
-97.721213 24.27694
-97.715104 24.332354
-97.718035 24.339912
-97.690844 24.467198
-97.67981 24.490843
-97.658367 24.529397
-97.666805 24.538526
-97.672322 24.550742
-97.64996 24.662147
-97.628974 24.745416
-97.606512 24.789158
-97.589566 24.881372
-97.547893 24.983174
-97.527242 25.047373
-97.518469 25.065669
-97.515366 25.046303
-97.497925 25.103547
-97.46344 25.179788
-97.420014 25.273959
-97.399125 25.314338
-97.390579 25.341925
-97.413941 25.342456
-97.421136 25.386197
-97.401361 25.385747
-97.396853 25.396546
-97.41636 25.406784
-97.444705 25.445012
-97.449205 25.434214
-97.54 25.471093
-97.560704 25.436683
-97.470089 25.349717
-97.462086 25.335378
-97.474276 25.328029
-97.545088 25.369897
-97.539418 25.289699
-97.518017 25.283229
-97.518445 25.267449
-97.538289 25.264619
-97.567434 25.27234
-97.570876 25.301278
-97.606986 25.294979
-97.626321 25.312288
-97.617599 25.348047
-97.637269 25.352286
-97.636863 25.368065
-97.644599 25.370405
-97.66243 25.352817
-97.689585 25.393144
-97.713549 25.393644
-97.71419 25.368605
-97.708795 25.368484
-97.736766 25.353277
-97.722797 25.336106
-97.710534 25.299347
-97.702057 25.302988
-97.715411 25.248798
-97.743182 25.26408
-97.762965 25.26339
-97.795155 25.245529
-97.835333 25.243069
-97.815855 25.231791
-97.759974 25.238821
-97.736604 25.215462
-97.699204 25.22667
-97.699929 25.197803
-97.665176 25.151314
-97.713074 25.151234
-97.731775 25.193572
-97.74506 25.141004
-97.769528 25.119723
-97.753565 25.111755
-97.709428 25.129363
-97.714693 25.086987
-97.697746 25.070827
-97.733522 25.075398
-97.733888 25.060686
-97.706337 25.038327
-97.714572 25.02052
-97.746753 25.024997
-97.742831 25.014029
-97.715112 24.99874
-97.768099 24.958971
-97.803562 24.9755
-97.839581 24.968602
-97.874723 24.9742
-97.888191 24.986449
-97.919844 24.987078
-97.947936 24.96147
-97.891258 24.957639
-97.848187 24.93499
-97.812398 24.932092
-97.695213 24.958541
-97.644127 24.922602
-97.648323 24.922693
-97.664719 24.912131
-97.673531 24.870914
-97.693413 24.864253
-97.728685 24.886783
-97.737535 24.843383
-97.714279 24.770427
-97.725458 24.657322
-97.699631 24.664962
-97.69249 24.640834
-97.713279 24.596585
-97.714464 24.549197
-97.738534 24.491939
-97.754495 24.496079
-97.761888 24.510409
-97.756593 24.556066
-97.821383 24.562296
-97.828365 24.594044
-97.841512 24.592123
-97.845203 24.562777
-97.865146 24.551185
-97.81766 24.322996
-97.79198 24.351344
-97.76748 24.45275
-97.752137 24.423011
-97.7453 24.266997
-97.763474 24.180721
-97.77182 24.155281
-97.763352 24.137113
-97.772142 24.093694
-97.783997 24.093944
-97.809359 24.076484
-97.793228 24.032547
-97.781091 24.043197
-97.781647 23.971808
-97.752983 23.811505
-97.76078 23.807315
-97.78386 23.832865
-97.788117 23.876551
-97.822856 23.837484
-97.815325 23.830234
-97.843455 23.818274
-97.844913 23.807403
-97.864353 23.811603
-97.84759 23.794385
-97.820292 23.796005
-97.793167 23.766555
-97.775718 23.778187
-97.762038 23.756106
-97.749092 23.752566
-97.763221 23.659639
-97.771561 23.633111
-97.772004 23.615131
-97.767355 23.587234
-97.767828 23.568165
-97.764321 23.542476
-97.757056 23.524885
-97.754996 23.536284
-97.752897 23.549865
-97.747688 23.569384
-97.744048 23.597114
-97.740835 23.655359
-97.732351 23.711877
-97.731711 23.737477
-97.722555 23.748197
-97.713531 23.753996
-97.709762 23.739199
-97.715871 23.683732
-97.724241 23.63267
-97.735541 23.534796
-97.758086 23.458398
-97.760421 23.291105
-97.776229 23.17533
-97.768468 22.912972
-97.797943 22.813283
-97.839782 22.759637
-97.885338 22.646642
-97.882134 22.607881
-97.853509 22.676519
-97.84571 22.658371
-97.854767 22.498856
-97.831526 22.341405
-97.790715 22.260436
