-102.738919 21.705799
-102.755918 21.708301
-102.768919 21.713019
-102.781019 21.719979
-102.79402 21.724689
-102.804618 21.731627
-102.815215 21.736297
-102.825316 21.740977
-102.833419 21.747877
-102.842521 21.754807
-102.85112 21.761716
-102.861122 21.773174
-102.865823 21.780035
-102.869019 21.791397
-102.870217 21.805005
-102.870919 21.820874
-102.824416 21.92675
-102.772315 21.998526
-102.767218 22.005246
-102.757818 22.016447
-102.75022 22.027676
-102.737318 22.038815
-102.728917 22.045484
-102.719418 22.054425
-102.710614 22.058564
-102.704617 22.065534
-102.696614 22.074493
-102.687115 22.083403
-102.682515 22.092412
-102.672917 22.108132
-102.668316 22.11712
-102.663715 22.128381
-102.657017 22.14415
-102.654613 22.164499
-102.65392 22.178089
-102.655513 22.193969
-102.650112 22.21429
-102.645519 22.223287
-102.639118 22.229988
-102.630115 22.236648
-102.618312 22.243266
-102.597216 22.245228
-102.582613 22.244996
-102.563211 22.240177
-102.551416 22.242258
-102.537712 22.244308
-102.516511 22.250778
-102.50811 22.255177
-102.503914 22.268706
-102.499809 22.277706
-102.490913 22.282097
-102.48101 22.286477
-102.471709 22.290867
-102.466613 22.299845
-102.460509 22.308803
-102.45011 22.313173
-102.441709 22.317573
-102.43331 22.321964
-102.419508 22.326275
-102.409208 22.328364
-102.380307 22.334695
-102.314204 22.358513
-102.304408 22.421792
-102.290804 22.419292
-102.286608 22.387492
-102.261705 22.368944
-102.214707 22.313744
-102.1874 22.290597
-102.172607 22.315254
-102.1556 22.312696
-102.147802 22.274025
-102.148099 22.262709
-102.0854 22.250238
-102.045002 22.203729
-102.008097 22.198171
-102.004098 22.175381
-102.000795 22.118614
-102.020899 22.114644
-102.020998 22.101034
-101.991899 22.082084
-101.989297 22.072945
-101.987298 22.061557
-101.9852 22.052427
-101.982194 22.041008
-101.978898 22.025047
-101.969697 22.011178
-101.965195 21.999728
-101.962197 21.988311
-101.9515 21.97439
-101.947594 21.96294
-101.943496 21.953762
-101.9328 21.942121
-101.924193 21.937342
-101.914595 21.932542
-101.902197 21.925382
-101.886991 21.918934
-101.889098 21.905282
-101.890295 21.891663
-101.897993 21.886964
-101.915297 21.877503
-101.932296 21.872594
-101.949097 21.865425
-101.962295 21.862856
-101.9739 21.860323
-101.984497 21.861975
-101.999101 21.862393
-102.012399 21.858224
-102.022294 21.853966
-102.030695 21.849673
-102.038698 21.843095
-102.049296 21.834315
-102.0544 21.827667
-102.064699 21.812076
-102.069003 21.800858
-102.072397 21.787358
-102.077998 21.780706
-102.083202 21.771788
-102.084499 21.763968
-102.091502 21.757289
-102.100498 21.748379
-102.107997 21.74171
-102.114498 21.735029
-102.130299 21.723969
-102.148197 21.7084
-102.1582 21.697252
-102.165204 21.690562
-102.176198 21.679411
-102.19 21.670582
-102.203802 21.661742
-102.216299 21.648352
-102.227706 21.637213
-102.237701 21.628314
-102.249603 21.619444
-102.259902 21.615073
-102.273101 21.613024
-102.283501 21.622256
-102.297501 21.629283
-102.313409 21.636344
-102.323907 21.641053
-102.338503 21.641283
-102.355105 21.641543
-102.368807 21.637222
-102.392505 21.632543
-102.425808 21.642152
-102.553809 21.698542
-102.561507 21.703188
-102.580414 21.705729
-102.592911 21.71046
-102.606912 21.715198
-102.626214 21.722279
-102.642114 21.729318
-102.651217 21.736248
-102.661417 21.736397
-102.671718 21.736548
-102.685816 21.734477
-102.699512 21.732416
-102.714215 21.725839
-102.722118 21.719149
-102.729114 21.71246
-102.738919 21.705799
