-114.287745 27.955041
-114.110037 27.949243
-114.084341 27.950894
-112.812007 27.95158
-112.775401 27.953929
-112.779307 27.899221
-112.791308 27.883091
-112.756105 27.854065
-112.718803 27.775585
-112.664297 27.728868
-112.643499 27.708578
-112.6209 27.669331
-112.619496 27.667251
-112.510499 27.6533
-112.513399 27.638371
-112.487595 27.623332
-112.467995 27.62963
-112.366689 27.557256
-112.338489 27.474219
-112.271692 27.360653
-112.254189 27.342793
-112.203788 27.248198
-112.201583 27.222729
-112.157888 27.203968
-112.13538 27.162471
-112.077983 27.126103
-112.03808 27.130492
-111.969581 27.091585
-111.976982 27.079085
-111.99678 27.075005
-112.018677 27.046775
-112.035081 27.045645
-112.024483 27.022377
-112.031983 27.009867
-112.021477 26.986598
-111.955374 26.92571
-111.954679 26.918109
-111.872073 26.811416
-111.869074 26.775636
-111.882876 26.751786
-111.882571 26.749067
-111.841073 26.65263
-111.796173 26.602763
-111.76087 26.565336
-111.706571 26.590815
-111.716169 26.611443
-111.733671 26.623901
-111.748168 26.652931
-111.760574 26.6559
-111.808869 26.703359
-111.833872 26.791106
-111.827677 26.818254
-111.862972 26.898203
-111.822474 26.900951
-111.745468 26.845625
-111.642368 26.746198
-111.578768 26.704069
-111.571963 26.68762
-111.582964 26.577265
-111.560967 26.553085
-111.515663 26.541355
-111.480162 26.551336
-111.461859 26.527998
-111.480063 26.45317
-111.443463 26.368295
-111.409862 26.350305
-111.412661 26.286844
-111.404857 26.287356
-111.359559 26.123351
-111.344056 26.095454
-111.340759 26.008908
-111.350158 25.975548
-111.341056 25.906841
-111.295957 25.764606
-111.22935 25.730189
-111.225352 25.679679
-111.171349 25.574543
-111.142845 25.563834
-111.136344 25.535316
-111.034848 25.528705
-111.022244 25.506588
-111.031949 25.44538
-110.979639 25.334615
-110.972444 25.342712
-110.946641 25.218239
-110.924645 25.204881
-110.91774 25.169301
-110.875342 25.084615
-110.778537 25.032796
-110.706132 24.921002
-110.69323 24.885212
-110.669235 24.810816
-110.667334 24.785267
-110.693535 24.711032
-110.693832 24.714841
-110.724236 24.69822
-110.74923 24.656802
-110.743531 24.579616
-110.747032 24.579395
-110.741333 24.550816
-110.694433 24.473449
-110.702932 24.427061
-110.697828 24.398432
-110.567926 24.227329
-110.485923 24.189733
-110.446623 24.188842
-110.41512 24.197843
-110.317523 24.181864
-110.342022 24.165654
-110.428121 24.171401
-110.415121 24.139415
-110.362819 24.124535
-110.336818 24.151763
-110.306223 24.164512
-110.281519 24.21076
-110.315119 24.239869
-110.338321 24.340595
-110.33112 24.348116
-110.330425 24.338336
-110.315418 24.352887
-110.256319 24.360766
-110.196221 24.310257
-110.173019 24.260841
-110.02421 24.175062
-110.024516 24.178324
-110.009516 24.151335
-110.018115 24.102796
-110.000414 24.052511
-109.951111 24.044419
-109.837506 24.06182
-109.81191 24.034341
-109.837011 24.001791
-109.837705 23.994111
-109.845609 23.970732
-109.819104 23.928565
-109.790005 23.902357
-109.719904 23.803671
-109.718706 23.78572
-109.698502 23.721335
-109.666305 23.646696
-109.589802 23.618187
-109.5442 23.591769
-109.472597 23.573861
-109.452393 23.546024
-109.478593 23.529853
-109.421692 23.463074
-109.404593 23.380467
-109.400893 23.294434
-109.416395 23.230815
-109.489791 23.132359
-109.568895 23.077229
-109.608797 23.065191
-109.653301 23.050701
-109.694799 23.027621
-109.699803 23.022431
-109.750402 22.957883
-109.7702 22.954574
-109.775405 22.934626
-109.789702 22.891777
-109.8358 22.858577
-109.8741 22.850369
-109.934008 22.864939
-109.995204 22.897976
-110.125007 23.098406
-110.164209 23.2632
-110.165317 23.338508
-110.216213 23.408105
-110.279013 23.517958
-110.325317 23.561598
-110.342217 23.574787
-110.427524 23.632983
-110.468724 23.653413
-110.541326 23.681742
-110.617028 23.727879
-110.650629 23.756929
-110.760228 23.826555
-110.760327 23.827645
-110.886437 23.981909
-110.928934 24.008707
-110.925333 24.008936
-111.023336 24.100433
-111.099739 24.15013
-111.460451 24.336151
-111.461252 24.34702
-111.502574 24.382002
-111.51248 24.366072
-111.494291 24.356809
-111.501328 24.348681
-111.623012 24.377809
-111.646817 24.369815
-111.679944 24.358959
-111.720554 24.352989
-111.735896 24.333194
-111.926918 24.475719
-111.956611 24.477699
-111.971952 24.498978
-112.036781 24.531146
-112.022925 24.546487
-111.967004 24.539064
-111.953147 24.526197
-111.927413 24.535599
-111.866543 24.536094
-111.864069 24.51432
-111.834871 24.497989
-111.829427 24.472255
-111.774001 24.469286
-111.752721 24.416334
-111.723524 24.395549
-111.71808 24.356454
-111.720435 24.353121
-111.681107 24.358855
-111.684702 24.363176
-111.690862 24.36932
-111.652756 24.404457
-111.635387 24.387579
-111.564668 24.39258
-111.512501 24.366115
-111.502604 24.382014
-111.524507 24.400625
-111.559651 24.420159
-111.574651 24.414229
-111.596052 24.428626
-111.627952 24.483276
-111.623359 24.521283
-111.645256 24.548751
-111.642555 24.559861
-111.702257 24.595671
-111.716959 24.57882
-111.715059 24.554922
-111.75976 24.568783
-111.765758 24.546523
-111.794063 24.549492
-111.796962 24.542181
-111.784458 24.535394
-111.783259 24.520183
-111.827458 24.528051
-111.827458 24.571221
-111.840558 24.585061
-111.836362 24.58535
-111.880461 24.669715
-111.951264 24.751642
-111.991068 24.847198
-112.003863 24.857229
-111.999865 24.809981
-111.984064 24.764103
-111.986162 24.745932
-112.002665 24.750782
-112.022067 24.746684
-112.043567 24.759921
-112.037967 24.793101
-112.045269 24.829739
-112.050869 24.83208
-112.073765 24.834278
-112.071469 24.765053
-112.08247 24.753353
-112.082768 24.757153
-112.119467 24.8152
-112.109372 24.815919
-112.12747 24.888396
-112.101667 24.915906
-112.111868 24.944135
-112.102369 24.938794
-112.093465 24.946526
-112.106268 24.969664
-112.109267 25.004962
-112.116973 25.004413
-112.152572 24.951083
-112.14337 24.934255
-112.14537 24.916076
-112.160171 24.899188
-112.153373 24.868528
-112.160468 24.812288
-112.168769 24.817719
-112.185073 24.833488
-112.165069 24.914684
-112.176468 24.949393
-112.173874 24.968684
-112.161971 24.969531
-112.13327 25.05407
-112.158371 25.095988
-112.158569 25.098158
-112.140869 25.172076
-112.126274 25.190034
-112.123083 25.22157
-112.119136 25.248995
-112.113149 25.257415
-112.140279 25.266084
-112.152088 25.199231
-112.175347 25.134402
-112.186729 25.066109
-112.174358 25.013652
-112.204545 24.954266
-112.194648 24.917151
-112.213061 24.909424
-112.208504 24.898345
-112.229289 24.860734
-112.218897 24.835496
-112.202071 24.825103
-112.183265 24.794421
-112.154562 24.771161
-112.128829 24.71722
-112.147634 24.667732
-112.098641 24.59548
-112.088249 24.558364
-112.107054 24.557869
-112.122395 24.593005
-112.134272 24.600923
-112.141696 24.622698
-112.170399 24.645462
-112.178317 24.677135
-112.166439 24.686042
-112.167429 24.741469
-112.20306 24.778585
-112.24463 24.789967
-112.2669 24.780564
-112.273333 24.769677
-112.285705 24.770172
-112.321336 24.805803
-112.263048 24.928309
-112.166405 25.201019
-112.158629 25.238232
-112.156408 25.258783
-112.140211 25.266534
-112.112962 25.257602
-112.10642 25.265448
-112.099491 25.250679
-112.100311 25.269891
-112.092535 25.296551
-112.079772 25.349538
-112.096794 25.366602
-112.09187 25.385478
-112.099256 25.392043
-112.095563 25.430614
-112.07997 25.447848
-112.102128 25.490522
-112.086125 25.582846
-112.074225 25.593105
-112.074636 25.607466
-112.093101 25.627572
-112.073405 25.642344
-112.086967 25.674106
-112.108068 25.645107
-112.105892 25.619298
-112.10624 25.61061
-112.108525 25.509775
-112.121461 25.52344
-112.130207 25.486407
-112.110575 25.491418
-112.113982 25.365015
-112.115467 25.308104
-112.138726 25.296722
-112.14516 25.328889
-112.133283 25.350664
-112.130526 25.486316
-112.121644 25.523667
-112.119619 25.599837
-112.118931 25.63126
-112.113364 25.655614
-112.108068 25.645176
-112.087002 25.67415
-112.089037 25.680114
-112.078973 25.699656
-112.107577 25.703646
-112.119571 25.751403
-112.209578 25.983643
-112.283578 26.083761
-112.290384 26.064709
-112.30298 26.071461
-112.39758 26.231735
-112.445884 26.264292
-112.478988 26.276633
-112.50499 26.249094
-112.607791 26.321849
-112.670789 26.335248
-112.68649 26.32701
-112.765396 26.395965
-112.778092 26.402115
-112.795892 26.423735
-112.981605 26.53704
-112.919599 26.52259
-112.846896 26.477264
-112.837893 26.485022
-112.930997 26.546859
-113.0205 26.569588
-113.070101 26.619877
-113.069803 26.649375
-113.090205 26.690954
-113.138706 26.734751
-113.137302 26.74577
-113.163007 26.77984
-113.151906 26.817249
-113.189909 26.807249
-113.21231 26.773889
-113.233306 26.777189
-113.230505 26.74847
-113.256409 26.809259
-113.224005 26.807919
-113.191511 26.824049
-113.150404 26.885036
-113.169005 26.997132
-113.190307 27.01024
-113.225807 26.954581
-113.226409 26.877055
-113.239906 26.846537
-113.272813 26.853835
-113.287614 26.842876
-113.290414 26.75806
-113.331415 26.779459
-113.373111 26.802416
-113.368915 26.802747
-113.406612 26.814565
-113.442815 26.811738
-113.450116 26.830266
-113.415814 26.828576
-113.412915 26.835907
-113.426717 26.852836
-113.471616 26.845506
-113.501013 26.829016
-113.499616 26.814385
-113.541618 26.789257
-113.551116 26.762307
-113.570816 26.758029
-113.585014 26.72305
-113.608414 26.72611
-113.607918 26.72124
-113.701923 26.798406
-113.757123 26.815824
-113.768225 26.853703
-113.781325 26.893602
-113.857926 26.970979
-113.914126 27.003018
-113.976033 27.018738
-114.029432 27.010567
-114.03063 26.992456
-114.09243 27.072025
-114.202037 27.147621
-114.260739 27.165698
-114.296636 27.159439
-114.311339 27.136381
-114.35144 27.169069
-114.384041 27.166339
-114.406342 27.186308
-114.429643 27.176169
-114.451143 27.177628
-114.458842 27.221747
-114.502643 27.242637
-114.497547 27.246336
-114.510342 27.391011
-114.513043 27.39297
-114.533743 27.42125
-114.601845 27.474977
-114.60495 27.474717
-114.727352 27.531964
-114.745853 27.527103
-114.832953 27.64188
-114.861458 27.639418
-114.868652 27.632249
-114.901056 27.664928
-114.869652 27.674748
-114.888657 27.703118
-114.924761 27.696716
-114.936556 27.680958
-114.965556 27.722097
-114.968555 27.721826
-115.011357 27.742126
-115.023862 27.733935
-115.098762 27.85564
-115.09656 27.869406
-115.195468 28.044174
-115.200001 28.04157
-115.251373 28.042669
-115.27968 28.093962
-115.315365 28.114745
-115.379674 28.109647
-115.374185 28.131606
-115.343598 28.150037
-115.330266 28.146899
-115.274975 28.230424
-115.26674 28.242188
-115.287915 28.285322
-115.292621 28.359436
-115.267132 28.399825
-115.245565 28.393943
-115.194588 28.333947
-115.168315 28.279048
-115.169883 28.228855
-115.158119 28.193171
-115.158511 28.156703
-115.194195 28.100236
-115.192473 28.046012
-115.195461 28.044182
-115.096548 27.869455
-115.073562 27.869019
-115.060858 27.868771
-115.00826 27.847721
-114.999463 27.846301
-114.929561 27.841463
-114.865159 27.825204
-114.795753 27.824073
-114.733152 27.807604
-114.732351 27.800035
-114.60425 27.789644
-114.581148 27.803595
-114.542244 27.794884
-114.483245 27.811834
-114.365941 27.886532
-114.32014 27.894163
-114.306445 27.881104
-114.316546 27.859555
-114.311739 27.826116
-114.326442 27.795997
-114.319644 27.772017
-114.291742 27.740497
-114.255738 27.71838
-114.200736 27.702181
-114.116238 27.631644
-114.110737 27.632084
-114.057734 27.670222
-114.078639 27.701252
-114.071239 27.712761
-114.014635 27.673723
-113.988534 27.670922
-113.957329 27.725261
-114.012438 27.77209
-114.030536 27.75207
-114.065838 27.814659
-114.079937 27.820597
-114.058635 27.74488
-114.069835 27.734702
-114.098538 27.739461
-114.120938 27.718541
-114.159338 27.734489
-114.187537 27.811805
-114.193443 27.850055
-114.162337 27.882043
-114.166038 27.917742
-114.206742 27.943301
-114.225442 27.927603
-114.262644 27.931624
-114.269442 27.914163
-114.281641 27.913154
-114.292743 27.943862
-114.287745 27.955041
