-114.832191 32.503292
-114.83219 32.465086
-114.83499 32.439937
-114.843993 32.437667
-114.857192 32.435045
-114.876296 32.434495
-114.890594 32.434075
-114.904594 32.438153
-114.916993 32.442284
-114.932893 32.441815
-114.947198 32.441396
-114.955797 32.429927
-114.965593 32.422914
-114.967295 32.411666
-114.950196 32.407687
-114.952997 32.398627
-114.968095 32.389216
-114.970598 32.373459
-114.979791 32.361969
-114.995195 32.348056
-114.992998 32.332429
-114.986398 32.325897
-114.984895 32.314729
-114.988191 32.30565
-114.994295 32.296511
-115.007196 32.28715
-115.017397 32.277868
-115.032793 32.263959
-115.051394 32.252181
-115.058497 32.242992
-115.059397 32.225032
-115.049997 32.214092
-115.045893 32.205243
-115.038095 32.194272
-115.026193 32.190132
-115.024194 32.178971
-115.018693 32.172402
-115.012093 32.165884
-115.014794 32.154584
-115.018395 32.138772
-115.022897 32.129652
-115.025994 32.113855
-115.026894 32.098125
-115.022797 32.087023
-115.021194 32.073605
-115.017891 32.055757
-115.017296 32.040067
-115.018394 32.026567
-115.013694 32.015485
-115.01799 32.004137
-115.021095 31.988318
-115.031196 31.974547
-115.033889 31.963247
-115.030791 31.949878
-115.017394 31.932319
-115.011893 31.925748
-115.003195 31.919269
-114.993689 31.906091
-114.983892 31.901219
-114.960492 31.890402
-114.889789 31.882381
-114.84559 31.850332
-114.831689 31.816862
-114.846382 31.756655
-114.787184 31.658177
-114.822783 31.626549
-114.853484 31.534132
-114.87158 31.437304
-114.886588 31.419264
-114.889883 31.325278
-114.892187 31.284449
-114.896581 31.262399
-114.911679 31.172263
-114.90408 31.144173
-114.850283 31.075475
-114.840982 31.065415
-114.838877 31.007577
-114.813981 30.987959
-114.762877 30.963469
-114.737975 30.943841
-114.726377 30.913342
-114.720974 30.689228
-114.65107 30.470875
-114.657272 30.413897
-114.650169 30.366159
-114.641272 30.359839
-114.665069 30.348089
-114.673766 30.313701
-114.653472 30.2828
-114.683067 30.233633
-114.673072 30.193723
-114.604267 30.073939
-114.599864 30.067247
-114.431859 29.900115
-114.432561 29.883216
-114.408559 29.851478
-114.415661 29.836217
-114.395656 29.806878
-114.347155 29.76734
-114.336054 29.75629
-114.298554 29.74955
-114.313157 29.770109
-114.303155 29.792659
-114.276055 29.78997
-114.254654 29.78191
-114.254257 29.778139
-114.242256 29.770961
-114.221152 29.765591
-114.085848 29.645996
-113.933942 29.537381
-113.932744 29.52551
-113.842241 29.424443
-113.761543 29.401404
-113.638637 29.2663
-113.662334 29.21171
-113.554329 29.055769
-113.559829 29.011819
-113.562728 28.972959
-113.578132 28.959802
-113.522329 28.896623
-113.495328 28.916671
-113.491628 28.935451
-113.501531 28.948831
-113.460125 28.973779
-113.445926 28.967791
-113.434726 28.941992
-113.416331 28.962982
-113.407626 28.956021
-113.410731 28.930762
-113.394823 28.913473
-113.401224 28.891213
-113.383623 28.882214
-113.388925 28.854055
-113.356026 28.808126
-113.315223 28.814486
-113.274005 28.847957
-113.247589 28.832812
-113.170595 28.99971
-113.269417 29.058976
-113.345568 29.147971
-113.423553 29.20302
-113.463004 29.257151
-113.467592 29.292932
-113.519888 29.308529
-113.607048 29.430554
-113.616223 29.483767
-113.591451 29.524136
-113.604296 29.540651
-113.578606 29.586524
-113.554752 29.578267
-113.531815 29.576432
-113.468509 29.524136
-113.385019 29.433306
-113.390524 29.39202
-113.409791 29.358073
-113.378597 29.322291
-113.202441 29.318622
-113.191432 29.306694
-113.189597 29.263573
-113.209781 29.168156
-113.196937 29.092923
-113.17033 29.075491
-113.116486 29.069425
-113.127508 29.063914
-113.151063 29.047049
-113.147393 29.014937
-113.161155 29.005762
-113.169943 28.999306
-113.247092 28.832514
-113.242609 28.827778
-113.148317 28.628393
-113.097716 28.499349
-112.975009 28.46001
-112.94681 28.467
-112.931613 28.482279
-112.904108 28.465241
-112.882211 28.435271
-112.886407 28.434952
-112.876313 28.432433
-112.865807 28.451171
-112.848808 28.440442
-112.860008 28.415122
-112.853309 28.390566
-112.880112 28.341224
-112.881012 28.305217
-112.860511 28.263159
-112.810208 28.205301
-112.806203 28.20178
-112.820707 28.186563
-112.815304 28.094904
-112.800907 28.071986
-112.814907 28.051345
-112.813603 28.037287
-112.802303 28.028297
-112.781307 28.039645
-112.771105 28.015876
-112.775401 27.953929
-112.812007 27.95158
-114.084341 27.950894
-114.110037 27.949243
-114.287745 27.955041
-114.279346 27.973872
-114.132537 28.092226
-114.128738 28.055999
-114.157738 28.021479
-114.155144 27.99607
-114.141441 27.982461
-114.117041 27.984441
-114.106742 28.038719
-114.087042 28.0087
-114.049939 28.04824
-114.07504 28.053289
-114.080435 28.06375
-114.110542 28.076029
-114.115341 28.122515
-114.083442 28.200333
-114.074836 28.195024
-114.083235 28.132766
-114.070242 28.126176
-114.050741 28.211152
-114.081543 28.259353
-114.07714 28.216642
-114.089142 28.226033
-114.100442 28.257812
-114.129739 28.261443
-114.130242 28.266301
-114.065842 28.387586
-114.063042 28.438496
-114.083543 28.516923
-114.10364 28.538182
-114.14014 28.574989
-114.172841 28.574512
-114.172146 28.60399
-114.191549 28.671046
-114.25035 28.684226
-114.268646 28.664746
-114.285851 28.669337
-114.309945 28.704935
-114.329447 28.731124
-114.347048 28.734563
-114.359553 28.747704
-114.378451 28.796801
-114.406048 28.82394
-114.395253 28.838979
-114.448454 28.914638
-114.511856 28.951305
-114.551553 28.940926
-114.588854 28.982464
-114.587558 28.970586
-114.600657 28.976573
-114.635258 29.06787
-114.660863 29.109281
-114.699461 29.12781
-114.712066 29.112059
-114.787164 29.197716
-114.833369 29.228645
-114.964073 29.366098
-115.074473 29.414306
-115.11597 29.418337
-115.150975 29.436535
-115.156278 29.433904
-115.179174 29.427026
-115.201079 29.439805
-115.233078 29.501793
-115.275278 29.533482
-115.32268 29.551101
-115.413984 29.5877
-115.455985 29.627526
-115.473182 29.630358
-115.500786 29.621927
-115.541986 29.643847
-115.581691 29.700724
-115.615886 29.705825
-115.64639 29.721603
-115.722091 29.787172
-115.696494 29.818319
-115.698691 29.82138
-115.710189 29.860609
-115.777697 29.966594
-115.8203 29.983412
-115.816494 29.988115
-115.801998 30.11286
-115.807095 30.12926
-115.855399 30.334733
-115.900399 30.386101
-115.940707 30.413429
-115.978908 30.418659
-115.984104 30.425248
-115.942103 30.456757
-115.976505 30.502006
-116.003003 30.513726
-115.987705 30.475459
-115.990604 30.442588
-116.002407 30.436627
-116.023709 30.467288
-116.029607 30.453706
-116.002308 30.404569
-116.009205 30.378399
-116.030209 30.391169
-116.040609 30.430968
-116.059004 30.458097
-116.044707 30.640301
-116.05851 30.717261
-116.104014 30.836915
-116.163113 30.877674
-116.162212 30.870154
-116.193211 30.881972
-116.214415 30.915862
-116.252319 30.95254
-116.261513 30.981541
-116.278618 30.98703
-116.337717 30.95552
-116.351915 30.968321
-116.355921 31.000518
-116.333315 31.056888
-116.327716 31.112755
-116.357121 31.232661
-116.448227 31.324039
-116.56593 31.480103
-116.608633 31.482082
-116.626227 31.520561
-116.668831 31.547471
-116.708436 31.594158
-116.665833 31.603038
-116.684236 31.637637
-116.680436 31.637987
-116.67663 31.706646
-116.740536 31.745073
-116.760533 31.767574
-116.757435 31.778163
-116.754933 31.778404
-116.724834 31.756303
-116.681635 31.745735
-116.649034 31.753665
-116.638231 31.768223
-116.635332 31.81508
-116.649233 31.854412
-116.75324 31.897748
-116.77674 31.9172
-116.803436 31.961267
-116.829239 31.984286
-116.891741 32.009787
-116.91624 32.037255
-116.923946 32.061974
-116.921345 32.105001
-116.937344 32.130001
-116.954443 32.231767
-117.000747 32.249029
-117.019844 32.263977
-117.044251 32.269776
-117.113453 32.364354
-117.143255 32.429683
-117.141951 32.568808
-117.140917 32.568907
-117.139377 32.569054
-117.08775 32.573996
-116.766644 32.599439
-114.757392 32.736646
-114.766396 32.715705
-114.79779 32.642701
-114.817496 32.631359
-114.802794 32.575342
-114.803438 32.573765
-114.809428 32.559082
-114.832191 32.503292
