-90.367244 20.788748
-90.362667 20.763396
-90.363223 20.602824
-90.365306 20.559845
-90.207633 20.541846
-90.21559 20.485319
-90.044245 20.440013
-90.009858 20.485199
-89.927946 20.374275
-89.845759 20.25204
-89.76121 20.198962
-89.687622 20.096118
-89.634267 20.020178
-89.384125 19.677314
-89.390371 19.248854
-89.399679 18.706796
-89.406419 17.815355
-89.406592 17.792468
-89.415061 17.792678
-89.540522 17.794198
-90.108592 17.802387
-90.131832 17.802998
-90.18797 17.804348
-90.972512 17.809537
-90.972703 17.803427
-90.972455 17.815069
-90.969302 17.96291
-91.096197 17.963739
-91.110289 17.962941
-91.128164 17.96223
-91.140692 17.9648
-91.154479 17.966261
-91.169112 17.97003
-91.183427 17.97718
-91.190864 17.983049
-91.196877 17.988879
-91.207985 17.999378
-91.216532 18.008679
-91.224205 18.014538
-91.235178 18.021627
-91.247629 18.027596
-91.252627 18.035688
-91.254908 18.039146
-91.262392 18.043868
-91.27218 18.050925
-91.283923 18.056875
-91.293437 18.065056
-91.302592 18.069816
-91.309428 18.072246
-91.329647 18.073845
-91.346898 18.070816
-91.368672 18.067886
-91.383068 18.072765
-91.397086 18.082174
-91.414961 18.090533
-91.432661 18.096604
-91.4495 18.099254
-91.465249 18.099595
-91.480485 18.099913
-91.498382 18.099163
-91.517037 18.097283
-91.533532 18.095354
-91.544794 18.093325
-91.552217 18.092345
-91.562075 18.089125
-91.56956 18.085874
-91.575404 18.081434
-91.582508 18.074765
-91.590832 18.066975
-91.593554 18.054515
-91.594317 18.044286
-91.59505 18.035196
-91.595744 18.027247
-91.597835 18.020458
-91.599864 18.015959
-91.602481 18.008048
-91.60599 18.001288
-91.606425 17.99447
-91.607181 17.984249
-91.608296 17.97858
-91.607738 17.972878
-91.610013 17.968371
-91.611385 17.96158
-91.613072 17.952511
-91.615338 17.94801
-91.619869 17.942621
-91.844431 17.944901
-91.871608 17.944441
-91.877696 17.938941
-91.881977 17.94278
-91.884524 17.94507
-91.888027 17.94822
-91.891979 17.95057
-91.898007 17.9541
-91.905415 17.958799
-91.913304 17.963499
-91.920482 17.968189
-91.926006 17.972829
-91.931797 17.97636
-91.93459 17.977549
-91.941739 17.983359
-91.948614 17.990298
-91.95435 17.996078
-91.956121 17.999508
-91.95764 18.004059
-91.959347 18.009748
-91.961538 18.015438
-91.96301 18.021117
-91.966116 18.027966
-91.967588 18.033646
-91.967953 18.037037
-91.970686 18.040486
-91.973212 18.042807
-91.976018 18.043997
-91.979362 18.042946
-91.983609 18.043046
-91.991095 18.045486
-91.996458 18.047866
-92.002424 18.053645
-92.009108 18.059455
-92.01248 18.065175
-92.015615 18.070885
-92.023031 18.075585
-92.028129 18.079085
-92.031272 18.084805
-92.03163 18.088195
-92.032447 18.092732
-92.033957 18.097284
-92.04078 18.098563
-92.047386 18.098714
-92.053771 18.098874
-92.061141 18.097903
-92.066132 18.096904
-92.07245 18.099295
-92.075952 18.100513
-92.078659 18.105083
-92.081627 18.108543
-92.084152 18.110863
-92.088273 18.115463
-92.093644 18.117854
-92.098741 18.121353
-92.102334 18.128202
-92.10364 18.131622
-92.105151 18.136174
-92.106637 18.14185
-92.109881 18.15208
-92.110918 18.156621
-92.113161 18.161191
-92.118235 18.165821
-92.122309 18.171559
-92.125041 18.17501
-92.128831 18.18299
-92.130251 18.190931
-92.131434 18.198858
-92.132426 18.205658
-92.131976 18.212429
-92.130862 18.218039
-92.13096 18.222558
-92.131579 18.502636
-92.410921 18.513164
-92.41878 18.513373
-92.421091 18.515674
-92.420732 18.520184
-92.420329 18.525834
-92.419756 18.529213
-92.41916 18.533712
-92.419038 18.538232
-92.419176 18.541624
-92.419466 18.548403
-92.419337 18.552923
-92.419717 18.556312
-92.420778 18.560854
-92.422519 18.566543
-92.423746 18.569993
-92.425379 18.574511
-92.428791 18.58022
-92.43062 18.582521
-92.431918 18.587071
-92.434879 18.591652
-92.438114 18.595112
-92.441105 18.59855
-92.443819 18.603131
-92.445659 18.60543
-92.44936 18.60889
-92.452548 18.613471
-92.455752 18.618059
-92.457585 18.620359
-92.458911 18.62377
-92.46049 18.62719
-92.460858 18.6306
-92.461002 18.63399
-92.461834 18.63852
-92.461736 18.641908
-92.463009 18.647579
-92.46455 18.652129
-92.465092 18.657137
-92.466435 18.65822
-92.439318 18.666637
-92.266463 18.690446
-92.163822 18.687707
-92.070429 18.709407
-91.958815 18.712536
-91.913685 18.669528
-91.907383 18.644099
-91.871073 18.623391
-91.857745 18.600801
-91.878308 18.583552
-91.909229 18.582152
-91.922284 18.609071
-91.933423 18.613012
-91.972829 18.587082
-91.986899 18.598813
-92.022872 18.590082
-92.036942 18.601801
-92.07895 18.605389
-92.131946 18.598192
-92.196537 18.605799
-92.219937 18.596819
-92.207706 18.556373
-92.16701 18.550182
-92.118319 18.579423
-92.072549 18.589772
-92.062395 18.553243
-92.047249 18.566494
-92.009871 18.553372
-92.011046 18.535483
-91.999685 18.534804
-92.003905 18.531243
-91.986441 18.519303
-91.963513 18.520666
-91.934559 18.544492
-91.930203 18.558383
-91.866648 18.536013
-91.861604 18.509045
-91.815896 18.510064
-91.755775 18.487866
-91.538103 18.450889
-91.504807 18.486897
-91.437811 18.514765
-91.401441 18.545114
-91.311939 18.567683
-91.285061 18.608411
-91.246759 18.61682
-91.231386 18.608201
-91.215058 18.628919
-91.270831 18.64778
-91.263958 18.680018
-91.236741 18.725086
-91.234759 18.752734
-91.255846 18.777522
-91.281269 18.790063
-91.332554 18.776484
-91.380543 18.793184
-91.390646 18.812341
-91.420706 18.807722
-91.452408 18.787954
-91.471049 18.794305
-91.479475 18.797235
-91.50469 18.785696
-91.497852 18.776233
-91.497499 18.763714
-91.50641 18.754598
-91.541859 18.737385
-91.581354 18.714966
-91.623711 18.681004
-91.635375 18.658631
-91.650209 18.637137
-91.669788 18.626246
-91.686197 18.622239
-91.699839 18.628631
-91.697645 18.636072
-91.675035 18.654388
-91.672006 18.663172
-91.678666 18.667108
-91.691381 18.661053
-91.702891 18.651145
-91.741909 18.627581
-91.796572 18.620522
-91.817318 18.632293
-91.809447 18.657723
-91.771303 18.678914
-91.739213 18.695262
-91.699857 18.708582
-91.669887 18.720389
-91.615395 18.737039
-91.601003 18.744278
-91.590799 18.749023
-91.560178 18.776938
-91.525876 18.790458
-91.506278 18.787467
-91.504935 18.785757
-91.479752 18.797312
-91.373869 18.920208
-91.286533 18.957086
-91.228516 18.967496
-90.940324 19.147948
-90.732646 19.331268
-90.721935 19.366517
-90.720013 19.483075
-90.699596 19.615827
-90.718716 19.667303
-90.619982 19.78383
-90.521095 19.855556
-90.45332 19.926143
-90.444691 19.933174
-90.439258 19.943713
-90.480916 20.01645
-90.456258 20.036557
-90.447973 20.039248
-90.430484 20.070768
-90.454785 20.099754
-90.434795 20.119096
-90.453785 20.142243
-90.465352 20.186711
-90.452726 20.244769
-90.476149 20.285686
-90.464939 20.295828
-90.472508 20.332366
-90.472501 20.406601
-90.481733 20.43671
-90.439291 20.625272
-90.412045 20.704829
-90.42966 20.687492
-90.441105 20.648713
-90.445966 20.627484
-90.454701 20.664122
-90.421582 20.724059
-90.379818 20.760457
-90.367244 20.788748
