-93.600473 17.341837
-93.487364 17.484191
-93.487296 17.487571
-93.487205 17.492079
-93.489233 17.49661
-93.490538 17.50227
-93.49021 17.506779
-93.4906 17.51129
-93.490051 17.514669
-93.488975 17.521428
-93.488205 17.524799
-93.486687 17.530418
-93.484466 17.534898
-93.482992 17.538268
-93.481749 17.541629
-93.480497 17.544997
-93.478804 17.547228
-93.473555 17.550537
-93.469808 17.549368
-93.463996 17.545908
-93.460028 17.543597
-93.455085 17.543528
-93.45217 17.547997
-93.450476 17.550227
-93.448714 17.555847
-93.447699 17.559217
-93.447409 17.562597
-93.447088 17.565967
-93.446767 17.570476
-93.444297 17.576087
-93.441817 17.581697
-93.438956 17.583907
-93.434187 17.586097
-93.430424 17.586045
-93.425688 17.587105
-93.420018 17.588156
-93.414287 17.591456
-93.412113 17.593695
-93.409437 17.598156
-93.407018 17.601514
-93.404569 17.605985
-93.406116 17.610525
-93.405796 17.615036
-93.403576 17.619514
-93.400235 17.621724
-93.395687 17.625033
-93.392835 17.626134
-93.390432 17.628354
-93.387996 17.631703
-93.384441 17.632784
-93.382015 17.636134
-93.380246 17.641742
-93.379451 17.646244
-93.379131 17.649623
-93.379994 17.654153
-93.381 17.662052
-93.383014 17.667733
-93.385067 17.671141
-93.386402 17.674542
-93.389356 17.680231
-93.393306 17.683672
-93.396063 17.687091
-93.398831 17.68938
-93.400678 17.691671
-93.405568 17.695121
-93.409054 17.697421
-93.411367 17.69971
-93.414152 17.70201
-93.416647 17.706561
-93.41651 17.71333
-93.418096 17.71674
-93.417767 17.721248
-93.415272 17.727979
-93.413999 17.73247
-93.412518 17.73583
-93.411023 17.739198
-93.409307 17.742558
-93.407346 17.745919
-93.406316 17.750419
-93.404318 17.756028
-93.402784 17.761658
-93.402006 17.765028
-93.401227 17.768398
-93.400891 17.772907
-93.400128 17.776287
-93.399312 17.780787
-93.397335 17.785266
-93.394887 17.789746
-93.391446 17.796477
-93.388531 17.799807
-93.384198 17.804266
-93.382243 17.807615
-93.379085 17.812095
-93.375905 17.817685
-93.373448 17.822175
-93.373127 17.826675
-93.37231 17.831174
-93.372456 17.835694
-93.372853 17.839085
-93.372996 17.843603
-93.372623 17.850365
-93.372533 17.854883
-93.372677 17.859393
-93.371082 17.867273
-93.369137 17.870633
-93.367162 17.873991
-93.364766 17.876211
-93.361621 17.879553
-93.358982 17.881762
-93.355137 17.885101
-93.355488 17.890753
-93.355655 17.894132
-93.355541 17.898651
-93.354992 17.903161
-93.354899 17.90767
-93.354823 17.911052
-93.354747 17.914431
-93.354656 17.91895
-93.3464 17.940281
-93.341191 17.941329
-93.333841 17.94235
-93.328165 17.943399
-93.32175 17.944429
-93.315594 17.94547
-93.308712 17.9465
-93.299434 17.94975
-93.29156 17.953019
-93.28419 17.955169
-93.277765 17.95733
-93.268503 17.959449
-93.261392 17.960459
-93.252152 17.961449
-93.244638 17.959088
-93.23926 17.95675
-93.232712 17.95327
-93.227494 17.954309
-93.22062 17.955339
-93.216552 17.957528
-93.212013 17.959708
-93.203911 17.96298
-93.197273 17.964009
-93.18782 17.963858
-93.181921 17.963768
-93.172942 17.963629
-93.162519 17.964599
-93.157346 17.963379
-93.150305 17.961008
-93.125898 17.953859
-93.117917 17.95148
-93.11109 17.950239
-93.104551 17.946739
-93.099407 17.944401
-93.095235 17.94095
-93.089855 17.9386
-93.084026 17.935129
-93.078885 17.932791
-93.071613 17.93041
-93.064351 17.92803
-93.056133 17.92564
-93.046916 17.92549
-93.037478 17.925342
-93.023837 17.92286
-93.016741 17.92273
-93.011331 17.921521
-93.003795 17.921392
-92.997516 17.916772
-92.993577 17.913311
-92.991067 17.90989
-92.990723 17.904241
-92.991831 17.897492
-92.993905 17.889622
-92.994791 17.881743
-92.994692 17.876092
-92.995325 17.869333
-92.995042 17.861432
-92.994258 17.854643
-92.994204 17.846745
-92.992441 17.841075
-92.991647 17.835414
-92.989251 17.826354
-92.988733 17.818445
-92.990091 17.810576
-92.991404 17.804946
-92.993005 17.797085
-92.995058 17.790337
-92.998491 17.774606
-93.000513 17.768998
-93.002589 17.761138
-93.003717 17.753259
-93.004167 17.744239
-93.005052 17.736358
-93.006136 17.73073
-93.006364 17.720579
-93.006342 17.71155
-93.005854 17.702521
-93.007494 17.692402
-93.007433 17.685621
-93.007114 17.678853
-93.006326 17.672062
-93.005777 17.665291
-93.005205 17.659642
-93.004701 17.650604
-93.004716 17.640463
-93.004616 17.634814
-93.004504 17.629174
-93.005342 17.623555
-93.005702 17.617915
-93.007592 17.607796
-93.009195 17.599926
-93.011713 17.593195
-93.013254 17.587577
-93.013857 17.581956
-93.014291 17.572937
-93.013986 17.566167
-93.014826 17.560537
-93.016688 17.551549
-93.016107 17.545897
-93.014337 17.541358
-93.011584 17.537929
-93.009317 17.534498
-93.003319 17.528768
-92.996987 17.527538
-92.990861 17.527429
-92.984514 17.527329
-92.977182 17.52833
-92.97033 17.529348
-92.963265 17.529219
-92.953369 17.529058
-92.94751 17.527828
-92.940896 17.528838
-92.935012 17.528739
-92.926558 17.527458
-92.919531 17.526218
-92.912025 17.524959
-92.90663 17.523729
-92.900794 17.52138
-92.896369 17.519049
-92.890845 17.514439
-92.884879 17.507569
-92.881254 17.50187
-92.877394 17.49616
-92.873326 17.488191
-92.87042 17.482511
-92.868642 17.47797
-92.865934 17.4734
-92.862593 17.465463
-92.858082 17.457482
-92.854466 17.450653
-92.850607 17.444943
-92.846577 17.436973
-92.841153 17.427862
-92.836851 17.421024
-92.81728 17.393605
-92.814311 17.390166
-92.812046 17.386746
-92.807895 17.383296
-92.803981 17.379836
-92.798679 17.375235
-92.794506 17.372907
-92.790798 17.370586
-92.782885 17.367056
-92.776385 17.363556
-92.767764 17.360016
-92.760487 17.359877
-92.753635 17.360876
-92.744196 17.361825
-92.736383 17.363946
-92.730943 17.364967
-92.72642 17.367147
-92.721597 17.371566
-92.717049 17.374865
-92.713434 17.378176
-92.678848 17.405714
-92.592534 17.475102
-92.53619 17.521359
-92.477772 17.565308
-92.365326 17.659994
-92.36354 17.664472
-92.361496 17.670072
-92.358474 17.676773
-92.356223 17.681231
-92.352571 17.685671
-92.34864 17.691231
-92.345443 17.69568
-92.342766 17.699001
-92.340079 17.702331
-92.336006 17.704502
-92.330689 17.708902
-92.324469 17.712161
-92.317299 17.715381
-92.311079 17.718631
-92.302024 17.721831
-92.294418 17.723919
-92.285154 17.72598
-92.276129 17.728039
-92.271398 17.72906
-92.260007 17.73108
-92.254087 17.732081
-92.242238 17.73408
-92.230847 17.736081
-92.218534 17.73806
-92.208736 17.742369
-92.203983 17.743389
-92.19926 17.74329
-92.194049 17.744299
-92.187145 17.746411
-92.180683 17.74964
-92.174693 17.752899
-92.169201 17.755029
-92.163943 17.757169
-92.15916 17.759319
-92.155589 17.760358
-92.151752 17.762538
-92.145122 17.763508
-92.140138 17.764529
-92.136568 17.765579
-92.130838 17.767709
-92.125368 17.768708
-92.11989 17.770848
-92.115381 17.771868
-92.10972 17.771749
-92.103363 17.771597
-92.097253 17.77033
-92.093065 17.769099
-92.089982 17.769038
-92.085701 17.770068
-92.081932 17.769978
-92.076736 17.769858
-92.070579 17.770848
-92.06466 17.771838
-92.05825 17.772818
-92.053231 17.774959
-92.04798 17.777098
-92.043426 17.779248
-92.041474 17.781458
-92.041367 17.784848
-92.042213 17.788248
-92.044426 17.792808
-92.048554 17.797416
-92.053992 17.804317
-92.057586 17.810036
-92.059349 17.814587
-92.059418 17.820236
-92.056892 17.825815
-92.053413 17.831387
-92.048011 17.838025
-92.042381 17.844674
-92.039252 17.846844
-91.976629 17.909713
-91.971913 17.909602
-91.967665 17.909492
-91.963185 17.909391
-91.956572 17.909232
-91.950948 17.907972
-91.945516 17.907843
-91.942432 17.907773
-91.942426 17.900992
-91.944493 17.895402
-91.948225 17.888723
-91.952023 17.880914
-91.951231 17.876384
-91.949437 17.872953
-91.947186 17.869514
-91.94206 17.867135
-91.93903 17.865934
-91.934788 17.865833
-91.931447 17.866884
-91.928074 17.869064
-91.924711 17.871233
-91.921727 17.875673
-91.920208 17.879024
-91.917865 17.885743
-91.916043 17.891343
-91.913068 17.895783
-91.908512 17.897933
-91.905482 17.896724
-91.902682 17.895533
-91.894039 17.893064
-91.889347 17.891824
-91.886271 17.891754
-91.883014 17.890542
-91.880213 17.889343
-91.876437 17.889253
-91.873645 17.888063
-91.869624 17.887963
-91.864948 17.886713
-91.860736 17.885494
-91.857477 17.884273
-91.853466 17.884184
-91.850429 17.882975
-91.84546 17.882864
-91.840015 17.883854
-91.834596 17.883714
-91.830529 17.884744
-91.826228 17.886903
-91.822611 17.889074
-91.819468 17.891243
-91.816331 17.893422
-91.812921 17.896733
-91.809533 17.898902
-91.805161 17.895413
-91.803224 17.889724
-91.802667 17.885192
-91.800485 17.879494
-91.797631 17.872654
-91.795396 17.869203
-91.792192 17.865744
-91.788719 17.863404
-91.784791 17.861055
-91.781137 17.857575
-91.777931 17.854104
-91.779244 17.849796
-91.780311 17.846275
-91.783326 17.840705
-91.786575 17.835146
-91.787895 17.830657
-91.788079 17.825017
-91.787285 17.820497
-91.786011 17.815936
-91.783409 17.809106
-91.78221 17.802307
-91.780975 17.796638
-91.77971 17.792087
-91.778175 17.788667
-91.777358 17.784138
-91.777709 17.780758
-91.778473 17.771748
-91.77691 17.761559
-91.774848 17.752489
-91.773896 17.74569
-91.772263 17.73775
-91.771707 17.733229
-91.770172 17.72981
-91.768424 17.725251
-91.766022 17.719551
-91.763604 17.713851
-91.76136 17.710401
-91.758644 17.706951
-91.754279 17.703461
-91.748969 17.699933
-91.743835 17.698681
-91.740088 17.697452
-91.735855 17.697361
-91.732557 17.697272
-91.728515 17.698292
-91.723998 17.699312
-91.720693 17.699221
-91.715276 17.699091
-91.710304 17.700092
-91.706762 17.700013
-91.704131 17.701061
-91.699622 17.702082
-91.695608 17.701971
-91.691373 17.701862
-91.688306 17.701792
-91.685277 17.700581
-91.681546 17.699363
-91.678137 17.695893
-91.675206 17.691302
-91.674467 17.685643
-91.673277 17.678842
-91.672009 17.674302
-91.669171 17.667453
-91.667882 17.664043
-91.666372 17.659493
-91.66541 17.652694
-91.664258 17.644775
-91.663975 17.639114
-91.661611 17.632296
-91.660199 17.625485
-91.655704 17.618605
-91.651151 17.613986
-91.648709 17.609397
-91.642139 17.601336
-91.637861 17.595586
-91.634716 17.590997
-91.633458 17.586456
-91.63345 17.579677
-91.63445 17.570686
-91.634281 17.561658
-91.632672 17.553729
-91.632419 17.546949
-91.633159 17.53908
-91.634091 17.53233
-91.636264 17.523369
-91.639354 17.51555
-91.640994 17.508821
-91.642589 17.503231
-91.555222 17.476142
-91.483788 17.451693
-91.48088 17.447092
-91.482062 17.440363
-91.483627 17.435893
-91.487076 17.431484
-91.489783 17.428165
-91.494714 17.421535
-91.497292 17.414836
-91.499175 17.408126
-91.494911 17.402375
-91.490287 17.399986
-91.483345 17.396416
-91.478256 17.394025
-91.473197 17.390516
-91.468575 17.388135
-91.46305 17.384607
-91.457267 17.382187
-91.449424 17.384226
-91.444412 17.386356
-91.440099 17.388487
-91.432974 17.390546
-91.426702 17.388126
-91.422078 17.385745
-91.417693 17.383367
-91.413466 17.376486
-91.411352 17.369667
-91.409086 17.360577
-91.40132 17.353609
-91.39514 17.348928
-91.391264 17.345438
-91.388409 17.339718
-91.384434 17.33285
-91.381183 17.32487
-91.380514 17.31696
-91.38451 17.3103
-91.395039 17.311719
-91.40177 17.314161
-91.408347 17.314339
-91.413832 17.31223
-91.418226 17.30785
-91.420881 17.298901
-91.423346 17.288821
-91.426291 17.278752
-91.428671 17.270933
-91.422038 17.251573
-91.418729 17.241913
-91.430006 17.242644
-91.377953 17.205142
-91.376165 17.203854
-91.354749 17.186715
-91.355511 17.175895
-91.347489 17.175376
-91.344258 17.175167
-91.30038 17.204375
-91.271967 17.190566
-91.265176 17.168701
-91.263205 17.162358
-91.248025 17.113489
-91.222923 17.10098
-91.203286 17.059483
-91.168808 17.020272
-91.101117 17.019593
-91.070417 16.944217
-91.04974 16.917859
-91.019182 16.919068
-91.001208 16.910259
-90.963121 16.914208
-90.924026 16.846931
-90.795322 16.802864
-90.793004 16.788585
-90.738522 16.763106
-90.669205 16.695318
-90.650575 16.65818
-90.643182 16.606633
-90.634225 16.598414
-90.621583 16.601873
-90.624833 16.521206
-90.609908 16.525047
-90.600089 16.505917
-90.606896 16.501578
-90.615447 16.496127
-90.617525 16.48974
-90.621315 16.478089
-90.618419 16.479216
-90.593416 16.488952
-90.590599 16.490049
-90.584387 16.475498
-90.542173 16.483389
-90.532108 16.467479
-90.497716 16.4759
-90.494992 16.46757
-90.468411 16.46189
-90.463839 16.43334
-90.382843 16.418872
-90.384492 16.397282
-90.364022 16.378444
-90.364853 16.367655
-90.371867 16.369073
-90.389771 16.372694
-90.389807 16.372643
-90.394822 16.365465
-90.376642 16.353304
-90.38297 16.34333
-90.388255 16.335001
-90.398378 16.319046
-90.41002 16.315012
-90.410072 16.314072
-90.410126 16.313461
-90.410187 16.312851
-90.410286 16.312243
-90.410461 16.311569
-90.410751 16.310932
-90.411079 16.310297
-90.411415 16.309708
-90.411781 16.309132
-90.412193 16.308584
-90.412659 16.308077
-90.413147 16.307665
-90.413673 16.307299
-90.414223 16.306942
-90.414764 16.306606
-90.41526 16.306282
-90.415737 16.305924
-90.419862 16.288017
-90.410295 16.280828
-90.411959 16.25925
-90.423676 16.260084
-90.434282 16.260838
-90.435604 16.257513
-90.438479 16.250279
-90.421137 16.242001
-90.429482 16.233618
-90.43274 16.230345
-90.441814 16.22123
-90.436099 16.193152
-90.422197 16.184024
-90.419686 16.165394
-90.431933 16.152174
-90.431516 16.140598
-90.431193 16.131618
-90.431032 16.127154
-90.431191 16.127022
-90.431091 16.126793
-90.430855 16.126249
-90.430679 16.125694
-90.43055 16.125105
-90.43045 16.1245
-90.430389 16.123907
-90.430351 16.123262
-90.430336 16.122629
-90.430336 16.121986
-90.430351 16.121355
-90.430389 16.12068
-90.430527 16.120005
-90.430756 16.119371
-90.431107 16.118784
-90.43158 16.118315
-90.432129 16.117941
-90.432655 16.117722
-90.437828 16.121487
-90.439425 16.120155
-90.4322 16.112045
-90.417344 16.115326
-90.424839 16.100875
-90.42657 16.097537
-90.426331 16.09552
-90.421792 16.057069
-91.095851 16.057059
-91.417133 16.056507
-91.557884 16.055798
-91.650981 16.055187
-91.695835 16.054768
-91.715962 16.02243
-91.767394 15.940023
-91.990033 15.58221
-91.991285 15.58011
-92.140809 15.337512
-92.174317 15.283795
-92.190469 15.257705
-92.121872 15.16273
-92.088019 15.117433
-92.082962 15.109543
-92.084514 15.101539
-92.087934 15.083894
-92.089675 15.074274
-92.103043 15.056694
-92.116401 15.039115
-92.13945 15.009148
-92.145213 14.992555
-92.148559 14.982924
-92.153062 14.969959
-92.148666 14.934021
-92.156038 14.887984
-92.169115 14.874714
-92.1792 14.864515
-92.179113 14.849738
-92.178964 14.824517
-92.177442 14.817173
-92.177179 14.8159
-92.172759 14.79458
-92.165555 14.759819
-92.161088 14.738269
-92.151749 14.693213
-92.165412 14.641606
-92.167794 14.632606
-92.17642 14.616601
-92.203599 14.566168
-92.204202 14.566391
-92.236658 14.578398
-92.267215 14.621797
-92.299626 14.635595
-92.378936 14.74344
-92.54478 14.891903
-92.611211 14.960539
-92.646887 14.996078
-92.673933 15.045715
-92.676208 15.063685
-92.716697 15.093533
-92.727798 15.094153
-92.80369 15.184889
-93.232642 15.548832
-93.214277 15.547861
-93.20999 15.554671
-93.231191 15.57472
-93.286308 15.58735
-93.339272 15.639347
-93.675418 15.883156
-93.809928 15.96446
-93.878502 16.013259
-93.937601 16.039907
-93.917809 16.043837
-93.888559 16.035398
-93.875168 16.078075
-93.911645 16.120454
-93.955142 16.135512
-94.033269 16.141912
-94.091138 16.16647
-94.089485 16.176371
-94.089674 16.183109
-94.089162 16.18872
-94.088178 16.19658
-94.08647 16.206689
-94.08573 16.21231
-94.085204 16.22017
-94.084234 16.225778
-94.083944 16.232519
-94.085059 16.240389
-94.087293 16.251628
-94.088851 16.262868
-94.089942 16.272975
-94.089414 16.281956
-94.089331 16.292075
-94.087599 16.304434
-94.085158 16.319025
-94.081807 16.331384
-94.077078 16.340363
-94.075881 16.344852
-94.073751 16.349343
-94.072538 16.354963
-94.072249 16.360582
-94.073393 16.366191
-94.074973 16.372941
-94.078633 16.38306
-94.082998 16.39093
-94.087133 16.39993
-94.090803 16.407809
-94.091201 16.41792
-94.091369 16.42578
-94.09297 16.431408
-94.094313 16.438148
-94.09568 16.442647
-94.098913 16.447149
-94.101684 16.451647
-94.105155 16.457278
-94.107925 16.460649
-94.111159 16.465157
-94.11531 16.471897
-94.116677 16.476406
-94.118979 16.479785
-94.120354 16.484275
-94.12265 16.489905
-94.123549 16.495526
-94.123733 16.503386
-94.092192 16.6
-94.090048 16.604502
-94.087211 16.61011
-94.083403 16.619099
-94.079351 16.62921
-94.07482 16.64044
-94.072172 16.651679
-94.069769 16.660668
-94.067115 16.670777
-94.064452 16.683148
-94.062735 16.694387
-94.060307 16.705616
-94.059064 16.715746
-94.05898 16.726986
-94.057975 16.735985
-94.056737 16.743844
-94.055303 16.748343
-94.053609 16.755083
-94.051702 16.759583
-94.048162 16.764074
-94.041096 16.768553
-94.033834 16.773042
-94.026517 16.779773
-93.906748 16.885159
-93.903679 16.888527
-93.900087 16.896377
-93.897226 16.903118
-93.895067 16.908736
-93.893593 16.915476
-93.90417 17.019012
-93.858247 17.021982
-93.870531 17.141305
-93.676113 17.280369
-93.610957 17.327428
-93.600473 17.341837
