-108.835927 31.334938
-108.754272 31.334957
-108.636131 31.334892
-108.628357 31.334894
-108.208611 31.333504
-108.208618 31.401836
-108.208618 31.423765
-108.208618 31.459066
-108.208618 31.465485
-108.204234 31.728271
-108.20181 31.778611
-106.665063 31.781458
-106.543264 31.78176
-106.498058 31.74282
-106.489886 31.748508
-106.465557 31.76544
-106.432062 31.76383
-106.414542 31.750137
-106.38836 31.729672
-106.260654 31.518578
-106.221171 31.488464
-106.180781 31.457658
-106.16328 31.444311
-106.149894 31.434101
-106.124747 31.414922
-106.065343 31.391911
-106.013638 31.393465
-105.965441 31.394913
-105.941842 31.371333
-105.940339 31.334143
-105.943794 31.330979
-105.948244 31.326904
-105.941863 31.326371
-105.914841 31.324113
-105.854643 31.279467
-105.826546 31.238209
-105.820053 31.2318
-105.81678 31.228046
-105.810669 31.221029
-105.807404 31.217157
-105.803189 31.212179
-105.786169 31.199474
-105.782856 31.197002
-105.715738 31.146901
-105.693132 31.130801
-105.6707 31.123233
-105.662741 31.120548
-105.661957 31.11964
-105.660077 31.119649
-105.659866 31.11965
-105.657907 31.118917
-105.654613 31.117805
-105.648731 31.115821
-105.634032 31.110862
-105.590932 31.083453
-105.573584 31.019124
-105.569828 31.005195
-105.565883 31.00234
-105.54186 30.98496
-105.515753 30.966072
-105.515687 30.966025
-105.497076 30.95256
-105.493199 30.949755
-105.49311 30.949691
-105.478707 30.93927
-105.477846 30.938647
-105.471655 30.934169
-105.470814 30.93356
-105.45905 30.925049
-105.453568 30.921083
-105.449175 30.917905
-105.445148 30.914991
-105.434953 30.907615
-105.4116 30.89072
-105.411528 30.890668
-105.41085 30.889558
-105.395833 30.864998
-105.388883 30.853631
-105.379026 30.83751
-105.325626 30.815142
-105.31764 30.82197
-105.308024 30.830191
-105.279124 30.827149
-105.218924 30.80534
-105.217094 30.806337
-105.215515 30.805792
-105.214325 30.804222
-105.214134 30.803605
-105.14672 30.779182
-105.074116 30.724265
-105.045667 30.689996
-105.042992 30.688782
-105.042351 30.688766
-105.041313 30.689838
-105.040558 30.689995
-105.038681 30.689356
-105.036087 30.687799
-105.035873 30.687577
-105.03495 30.686615
-105.034904 30.686544
-105.032471 30.68244
-105.031921 30.681793
-105.030899 30.681595
-105.029694 30.681725
-105.027016 30.680344
-105.026718 30.680492
-105.02523 30.682302
-105.024101 30.682989
-105.022392 30.682398
-105.021973 30.682415
-105.020744 30.683355
-105.018509 30.685623
-105.018478 30.685621
-105.01786 30.685856
-105.017151 30.685823
-105.016701 30.685522
-105.016304 30.685255
-105.015091 30.683657
-105.013878 30.682976
-105.013374 30.683039
-105.013039 30.683216
-105.011993 30.684072
-105.011116 30.685209
-105.01107 30.685268
-105.010907 30.685569
-105.010551 30.686222
-105.010162 30.686634
-105.009369 30.687099
-105.008347 30.687235
-105.005188 30.685852
-105.004535 30.685057
-104.997812 30.684516
-104.97181 30.633259
-104.974213 30.629959
-104.941711 30.60912
-104.940606 30.60438
-104.932312 30.56881
-104.873509 30.466954
-104.861209 30.391555
-104.858702 30.391614
-104.853108 30.391746
-104.852078 30.384807
-104.84991 30.370186
-104.759954 30.277643
-104.755172 30.272723
-104.749639 30.267031
-104.743103 30.260307
-104.737304 30.254342
-104.716557 30.24314
-104.716072 30.242575
-104.714989 30.239565
-104.713951 30.238728
-104.711182 30.237745
-104.708237 30.235947
-104.706772 30.234196
-104.706322 30.231411
-104.70697 30.229788
-104.708145 30.226875
-104.709839 30.225416
-104.71051 30.224089
-104.710022 30.22271
-104.70726 30.218521
-104.705322 30.216381
-104.704033 30.214798
-104.703377 30.213215
-104.704842 30.208956
-104.704308 30.207685
-104.702301 30.207043
-104.700546 30.20554
-104.700172 30.202267
-104.699524 30.199673
-104.698489 30.199002
-104.700494 30.065253
-104.700705 30.051217
-104.701883 30.046031
-104.711698 30.002817
-104.703504 30.017608
-104.7022 29.974339
-104.687398 29.938419
-104.681252 29.930646
-104.661435 29.905585
-104.658729 29.902163
-104.63424 29.871194
-104.634203 29.871147
-104.614521 29.846257
-104.614288 29.845962
-104.614281 29.844666
-104.613258 29.843328
-104.612869 29.84292
-104.61261 29.842302
-104.61155 29.8425
-104.61142 29.842335
-104.597795 29.825105
-104.593018 29.810979
-104.589501 29.800582
-104.587953 29.796006
-104.580895 29.775136
-104.546592 29.682208
-104.536436 29.674953
-104.530278 29.670553
-104.528927 29.669588
-104.483296 29.636991
-104.477846 29.628489
-104.476726 29.626742
-104.471552 29.618672
-104.46763 29.612554
-104.465625 29.609425
-104.453494 29.590503
-104.384636 29.546411
-104.378882 29.542726
-104.33059 29.511803
-104.314285 29.528925
-104.311198 29.528986
-104.295089 29.529305
-104.256185 29.509504
-104.252173 29.505332
-104.233487 29.485903
-104.227892 29.480086
-104.212854 29.464449
-104.188183 29.438797
-104.16634 29.402363
-104.164907 29.399974
-104.159046 29.390198
-104.145479 29.367569
-104.128984 29.376011
-104.121759 29.372444
-104.118737 29.370951
-104.09047 29.356994
-104.003179 29.313893
-103.96658 29.331362
-103.906275 29.293964
-103.811272 29.273953
-103.810403 29.273221
-103.808387 29.271522
-103.798674 29.263335
-103.798112 29.259191
-103.794273 29.230895
-103.777274 29.219267
-103.772776 29.221261
-103.768796 29.223027
-103.760771 29.226586
-103.757247 29.223724
-103.752252 29.219669
-103.74182 29.211199
-103.71004 29.185395
-103.696667 29.174538
-103.659071 29.170367
-103.611778 29.165122
-103.608991 29.164813
-103.58587 29.162248
-103.572083 29.154441
-103.523685 29.127034
-103.523468 29.126911
-103.517066 29.120598
-103.471409 29.075575
-103.463077 29.067358
-103.422763 29.027605
-103.371958 29.013724
-103.366257 29.020079
-103.345361 29.043373
-103.345304 29.043346
-103.327348 29.034903
-103.25936 29.002933
-103.265566 28.995708
-103.269615 28.990993
-103.281995 28.97658
-103.286559 28.971266
-103.361657 28.834029
-103.553762 28.504859
-103.675765 28.285617
-103.944669 27.822132
-103.882166 27.580301
-103.645156 26.728931
-103.631659 26.663034
-103.971566 26.743299
-104.230873 26.706279
-104.495978 26.354122
-104.523879 26.320474
-104.531982 26.313772
-104.550681 26.311724
-104.562279 26.314121
-104.571183 26.323282
-104.592079 26.337113
-104.615281 26.339641
-104.625185 26.351071
-104.636682 26.358
-104.645182 26.362619
-104.652583 26.371759
-104.655383 26.38311
-104.668285 26.396837
-104.679188 26.40829
-104.688083 26.419707
-104.699482 26.428888
-104.712483 26.440357
-104.720883 26.447237
-104.738485 26.449696
-104.756483 26.461197
-104.779586 26.470495
-104.80529 26.475287
-104.824386 26.480005
-104.83609 26.473325
-104.851792 26.471216
-104.868287 26.472586
-104.882593 26.473775
-104.898187 26.471657
-104.906489 26.458148
-104.920794 26.451477
-104.929492 26.440237
-104.94929 26.438156
-104.962795 26.442817
-104.982891 26.452045
-104.998494 26.454446
-105.010693 26.447755
-105.029492 26.441125
-105.044691 26.438995
-105.053594 26.445866
-105.062597 26.457266
-105.070998 26.466396
-105.081993 26.477815
-105.092499 26.484684
-105.102394 26.496104
-105.112892 26.502973
-105.123399 26.509852
-105.131997 26.514453
-105.140397 26.523573
-105.297498 26.440956
-105.3393 26.418567
-105.413101 26.453015
-105.542308 26.508122
-105.649414 26.655886
-105.716409 26.635798
-105.769114 26.617898
-105.901717 26.733874
-105.915817 26.749772
-105.932419 26.763402
-105.955522 26.78158
-105.979318 26.79071
-105.996919 26.797548
-106.022823 26.79761
-106.035922 26.79538
-106.045123 26.788611
-106.054821 26.775029
-106.06152 26.761472
-106.066624 26.750161
-106.071224 26.741113
-106.07642 26.732062
-106.085323 26.724154
-106.089726 26.720212
-106.099324 26.711712
-106.110425 26.714012
-106.120924 26.729872
-106.128423 26.748011
-106.141523 26.752562
-106.157324 26.745791
-106.170523 26.734483
-106.175628 26.725432
-106.179229 26.711852
-106.183425 26.693744
-106.185522 26.673363
-106.185622 26.659773
-106.183723 26.646184
-106.181723 26.632586
-106.181326 26.619007
-106.189528 26.591828
-106.211425 26.571478
-106.224624 26.562429
-106.213225 26.421963
-106.219222 26.419832
-106.226027 26.418092
-106.237525 26.415205
-106.255729 26.410684
-106.276428 26.399372
-106.300728 26.392592
-106.327531 26.388085
-106.358332 26.381284
-106.40733 26.363174
-106.434131 26.356363
-106.451833 26.345034
-106.472028 26.329166
-106.485731 26.313294
-106.493329 26.297435
-106.48583 26.286106
-106.471729 26.279316
-106.459629 26.272527
-106.452633 26.261198
-106.443127 26.245338
-106.429027 26.227209
-106.421031 26.213629
-106.419932 26.197619
-106.418933 26.18406
-106.418131 26.172831
-106.413828 26.118443
-106.481731 26.009636
-106.543631 26.005059
-106.54633 25.762517
-106.548833 25.759226
-106.546429 25.737586
-106.666732 25.643121
-106.735032 25.585371
-106.937239 25.600661
-107.101344 25.588639
-107.101344 25.602249
-107.100444 25.627199
-107.099445 25.643068
-107.100947 25.661199
-107.110546 25.677028
-107.121044 25.692845
-107.130643 25.704146
-107.140744 25.719966
-107.149846 25.735795
-107.161344 25.749344
-107.173948 25.760603
-107.186049 25.771882
-107.197646 25.783161
-107.223349 25.792101
-107.25145 25.796482
-107.269051 25.803181
-107.282647 25.805373
-107.294748 25.809831
-107.30285 25.821121
-107.308848 25.836961
-107.311952 25.857341
-107.312547 25.882278
-107.313654 25.904939
-107.317751 25.929856
-107.321849 25.952506
-107.32445 25.966086
-107.328952 25.984194
-107.329555 25.997793
-107.331653 26.015913
-107.338153 26.029484
-107.354351 26.047511
-107.364956 26.05651
-107.37505 26.06325
-107.392751 26.074472
-107.407857 26.078912
-107.421553 26.081081
-107.439658 26.085502
-107.460853 26.085359
-107.477959 26.08751
-107.49456 26.08739
-107.524361 26.087179
-107.537462 26.084731
-107.553858 26.08965
-107.576159 26.0879
-107.592257 26.088279
-107.612758 26.09329
-107.625858 26.093589
-107.645458 26.096309
-107.661565 26.096679
-107.675061 26.099251
-107.696165 26.101997
-107.711759 26.104608
-107.72476 26.107168
-107.745361 26.109897
-107.761863 26.114798
-107.771263 26.119549
-107.781167 26.126568
-107.786362 26.135757
-107.790162 26.144907
-107.792168 26.160826
-107.791864 26.172166
-107.822268 26.393027
-107.852268 26.558183
-107.85387 26.57175
-107.857068 26.585321
-107.865765 26.6011
-107.873372 26.607828
-107.882573 26.619069
-107.892767 26.628039
-107.909269 26.633738
-107.919974 26.640449
-107.929068 26.647147
-107.934272 26.653896
-107.941375 26.662898
-107.947571 26.671898
-107.951675 26.683188
-107.954368 26.699014
-107.95697 26.708057
-107.959572 26.717085
-107.963174 26.730644
-107.965775 26.741955
-107.967476 26.755524
-107.972573 26.766804
-107.976769 26.778083
-107.985475 26.791592
-108.002771 26.802752
-108.010477 26.809472
-108.021174 26.81842
-108.027278 26.827421
-108.035777 26.852959
-108.092976 26.872249
-108.205581 26.944715
-108.222183 26.969965
-108.22458 26.974546
-108.233583 26.976986
-108.238679 26.977084
-108.242685 26.979426
-108.25078 26.981845
-108.259881 26.982015
-108.268984 26.984454
-108.276583 26.984596
-108.285685 26.984775
-108.301279 26.989604
-108.316486 26.992144
-108.322086 26.992254
-108.334286 26.990214
-108.339786 26.992585
-108.342785 26.997165
-108.352582 27.008674
-108.369382 27.008983
-108.382184 26.984294
-108.395887 26.966405
-108.402586 26.964265
-108.405683 26.962055
-108.408788 26.959845
-108.411383 26.957627
-108.417982 26.955474
-108.422682 26.951037
-108.425284 26.948815
-108.428885 26.946614
-108.437087 26.942226
-108.442785 26.940056
-108.447989 26.935614
-108.451483 26.928786
-108.483085 26.972504
-108.565386 26.969394
-108.616893 27.022392
-108.616688 27.026913
-108.61739 27.040521
-108.620189 27.0519
-108.622288 27.067801
-108.628094 27.08149
-108.631893 27.092879
-108.636091 27.106549
-108.642393 27.117977
-108.647192 27.131647
-108.651494 27.143057
-108.656691 27.156737
-108.656995 27.165797
-108.653196 27.174806
-108.647489 27.181495
-108.643796 27.183715
-108.645292 27.208656
-108.598393 27.250914
-108.650397 27.412607
-108.629691 27.486994
-108.743593 27.538683
-108.760898 27.60689
-108.749399 27.618029
-108.749598 27.631618
-108.9115 27.801652
-108.9142 27.842433
-108.967508 27.881699
-109.001803 27.904829
-109.055212 28.011575
-109.13221 28.194998
-109.079811 28.258026
-108.913707 28.266186
-108.640796 28.216931
-108.570794 28.279647
-108.575595 28.302279
-108.616902 28.47428
-108.637602 28.573798
-108.614796 28.663953
-108.602803 28.711274
-108.676706 29.235366
-108.691005 29.364021
-108.599503 29.363332
-108.581103 29.793699
-108.571506 29.955812
-108.595106 30.201425
-108.594908 30.219426
-108.598906 30.262235
-108.610107 30.361342
-108.666217 30.528255
-108.701213 30.560003
-108.81142 31.190085
-108.836223 31.176775
-108.853824 31.192614
-108.868321 31.208424
-108.836422 31.2913
-108.835927 31.334938
