-103.25936 29.002933
-103.261259 28.998484
-103.228937 28.990475
-103.225182 28.989544
-103.215631 28.987177
-103.207356 28.985127
-103.196732 28.985269
-103.161152 28.985747
-103.137949 29.000145
-103.098353 29.065713
-103.076442 29.078956
-103.048058 29.09611
-103.04155 29.100043
-103.001351 29.17262
-102.997539 29.174288
-102.972891 29.185068
-102.914814 29.210469
-102.904328 29.215056
-102.899449 29.217189
-102.891049 29.23192
-102.897779 29.254278
-102.901122 29.265386
-102.904051 29.275116
-102.900945 29.313616
-102.880832 29.33482
-102.864855 29.351663
-102.847951 29.369484
-102.844695 29.374643
-102.844365 29.375166
-102.825479 29.405093
-102.823849 29.407675
-102.81635 29.451082
-102.818623 29.46614
-102.825246 29.510011
-102.78085 29.564658
-102.777446 29.586357
-102.739306 29.624634
-102.736543 29.627406
-102.731365 29.641008
-102.724543 29.658928
-102.690156 29.711517
-102.67714 29.731423
-102.661042 29.728884
-102.650598 29.734677
-102.581542 29.772975
-102.572558 29.768509
-102.559831 29.762183
-102.544141 29.754384
-102.518027 29.782703
-102.516864 29.783963
-102.512937 29.788223
-102.488762 29.786969
-102.48605 29.786829
-102.389818 29.78184
-102.388138 29.781753
-102.38611 29.784963
-102.377615 29.798407
-102.33316 29.86876
-102.330733 29.872601
-102.323951 29.874434
-102.318336 29.875952
-102.283285 29.866016
-102.275579 29.863832
-102.26291 29.860241
-102.251021 29.85687
-102.24416 29.854925
-102.19309 29.840449
-102.186328 29.838532
-102.179486 29.834329
-102.144526 29.812852
-102.078628 29.796513
-102.035926 29.813575
-101.994428 29.818693
-101.977588 29.815656
-101.972355 29.814712
-101.895625 29.800873
-101.866518 29.816714
-101.823016 29.810004
-101.815621 29.808864
-101.807326 29.798807
-101.798721 29.788375
-101.77832 29.798215
-101.74652 29.783754
-101.6282 29.769829
-101.608714 29.767535
-101.59814 29.773059
-101.573708 29.785823
-101.538811 29.804054
-101.538649 29.774481
-101.538613 29.767786
-101.485411 29.793384
-101.460608 29.789676
-101.460567 29.789603
-101.454158 29.77812
-101.44251 29.757248
-101.410908 29.775187
-101.408916 29.771063
-101.402709 29.758207
-101.375353 29.701554
-101.372148 29.694915
-101.355303 29.66003
-101.322504 29.670922
-101.331209 29.6747
-101.320107 29.67959
-101.311097 29.657688
-101.306305 29.646041
-101.318605 29.600541
-101.306206 29.577282
-101.303771 29.576425
-101.295359 29.573462
-101.289406 29.571365
-101.264701 29.602811
-101.248117 29.560071
-101.248787 29.559521
-101.255562 29.54933
-101.260902 29.53824
-101.261014 29.531859
-101.261032 29.530834
-101.257866 29.525616
-101.254944 29.520803
-101.246506 29.52252
-101.236473 29.524561
-101.227028 29.52265
-101.209251 29.521391
-101.193596 29.520161
-101.180443 29.517118
-101.174103 29.514849
-101.171494 29.504208
-101.169716 29.501581
-101.162285 29.490602
-101.152023 29.478468
-101.142006 29.47274
-101.129753 29.47855
-101.115639 29.468252
-101.102654 29.470175
-101.088638 29.469521
-101.060097 29.458523
-101.057358 29.449926
-101.05718 29.448478
-101.042297 29.450318
-101.0392 29.449228
-100.991491 29.3772
-100.865487 29.298053
-100.778992 29.254624
-100.76789 29.239977
-100.76309 29.182537
-100.746979 29.154637
-100.746488 29.153787
-100.738122 29.149192
-100.689084 29.122258
-100.671284 29.099461
-100.667893 29.086008
-100.663313 29.067838
-100.623545 28.910057
-100.622484 28.905847
-100.614502 28.901901
-100.613622 28.901465
-100.601459 28.895451
-100.564079 28.876967
-100.543883 28.826479
-100.527381 28.815598
-100.519582 28.761342
-100.498777 28.732542
-100.490979 28.669603
-100.436373 28.641766
-100.432781 28.611916
-100.399775 28.591177
-100.399074 28.585577
-100.397665 28.574329
-100.396174 28.562417
-100.379679 28.53686
-100.334976 28.507939
-100.318572 28.486171
-100.329771 28.461252
-100.317672 28.417794
-100.325874 28.389065
-100.28127 28.345466
-100.262569 28.292196
-100.253567 28.262298
-100.245069 28.247618
-100.224873 28.240457
-100.194971 28.21155
-100.182971 28.184891
-100.150567 28.167892
-100.149441 28.167576
-100.129785 28.162055
-100.089469 28.150731
-100.053466 28.127723
-100.045066 28.107044
-100.007367 28.076425
-99.978931 27.998999
-99.975589 27.989898
-99.940712 27.982995
-99.91881 27.97866
-99.918833 27.975949
-99.905168 27.913847
-99.899083 27.886193
-99.897652 27.879693
-99.884302 27.867643
-99.878093 27.84378
-99.87593 27.835466
-99.86504 27.793613
-99.863633 27.788206
-99.843337 27.774495
-99.827982 27.764121
-99.810819 27.752527
-99.973101 27.61012
-100.154969 27.775083
-100.314167 27.676977
-100.380467 27.463574
-100.393973 27.389208
-100.444769 27.374478
-100.659778 27.322447
-100.77958 27.218491
-100.825378 27.178642
-100.811981 27.040328
-100.811378 27.034787
-100.791679 27.041689
-100.787681 27.053017
-100.776085 27.059858
-100.765883 27.057638
-100.770881 27.041787
-100.765282 27.030507
-100.750676 27.03284
-100.736982 27.041958
-100.72988 27.051027
-100.729482 27.062349
-100.729482 27.075908
-100.730979 27.087196
-100.717879 27.085006
-100.708182 27.080527
-100.693479 27.082857
-100.686978 27.089677
-100.678876 27.085185
-100.668676 27.076188
-100.662075 27.064909
-100.653981 27.058159
-100.534371 27.02472
-100.526177 26.809937
-100.530173 26.798619
-100.535269 26.789548
-100.543777 26.77596
-100.550873 26.764619
-100.552873 26.753298
-100.554869 26.741989
-100.560973 26.73292
-100.579576 26.721531
-100.588676 26.71472
-100.602273 26.705611
-100.613878 26.696521
-100.616472 26.687462
-100.619477 26.678401
-100.619974 26.662561
-100.654673 26.621704
-100.693478 26.592114
-100.764882 26.686781
-101.036282 26.492048
-101.21959 26.348021
-101.088284 26.216607
-101.075787 26.171339
-101.063389 26.168587
-101.047382 26.163778
-101.030284 26.161208
-101.019787 26.158748
-101.004184 26.158459
-100.990182 26.153669
-100.976281 26.146629
-100.964883 26.141879
-100.953484 26.132608
-100.945579 26.127919
-100.93438 26.11639
-100.928583 26.107221
-100.922882 26.093521
-100.920578 26.084411
-100.914977 26.070711
-100.914681 26.059371
-100.911978 26.047993
-100.912284 26.036673
-100.908683 26.023013
-100.906478 26.011645
-100.909378 25.995835
-100.912178 25.986816
-100.91658 25.973305
-100.897078 25.950277
-100.794675 25.925646
-100.84338 25.763423
-100.81338 25.706177
-100.720575 25.58195
-100.708978 25.56585
-100.698172 25.556571
-100.682472 25.547181
-100.670569 25.542403
-100.654073 25.539803
-100.636174 25.534903
-100.622473 25.525554
-100.615171 25.518594
-100.604267 25.511574
-100.591572 25.502243
-100.57867 25.497444
-100.57127 25.492755
-100.566471 25.485854
-100.562267 25.476696
-100.650275 25.464926
-100.667371 25.444866
-100.613973 25.436977
-100.609273 25.427807
-100.59557 25.418448
-100.585774 25.409177
-100.577067 25.399927
-100.563769 25.390587
-100.552868 25.388088
-100.542971 25.385608
-100.528468 25.385299
-100.513071 25.38044
-100.496667 25.375549
-100.486871 25.37081
-100.473565 25.363719
-100.461365 25.352119
-100.460266 25.34077
-100.45807 25.32938
-100.447769 25.32235
-100.442069 25.313162
-100.431167 25.310661
-100.414565 25.312561
-100.400565 25.312252
-100.380666 25.307281
-100.364867 25.302391
-100.352261 25.304383
-100.334264 25.306243
-100.318264 25.303621
-100.303463 25.298742
-100.29356 25.296251
-100.28116 25.291442
-100.27486 25.284491
-100.266064 25.279763
-100.251657 25.274893
-100.241762 25.272394
-100.228464 25.267563
-100.216158 25.260463
-100.20746 25.251194
-100.20476 25.242065
-100.208658 25.230815
-100.217759 25.226495
-100.234858 25.222363
-100.238657 25.213385
-100.235658 25.199707
-100.235963 25.188377
-100.238863 25.177106
-100.246562 25.170486
-100.26356 25.170878
-100.28046 25.171256
-100.291858 25.173787
-100.306461 25.171847
-100.325062 25.167738
-100.340763 25.161287
-100.35436 25.157058
-100.368467 25.155109
-100.534068 25.213115
-100.556872 25.220404
-100.567966 25.216094
-100.586171 25.209675
-100.600269 25.205444
-100.613271 25.203435
-100.628469 25.199224
-100.642874 25.199515
-100.655873 25.199785
-100.670272 25.204614
-100.740173 25.169736
-100.806773 25.127969
-100.854372 24.976973
-100.74317 24.922634
-100.727775 24.886047
-100.807175 24.80598
-100.773376 24.714603
-100.781973 24.54921
-100.802672 24.50198
-100.873873 24.53284
-100.927073 24.49528
-101.035978 24.533568
-101.054182 24.540709
-101.116181 24.605308
-101.138384 24.691884
-101.200085 24.75644
-101.311186 24.73333
-101.329291 24.74951
-101.389787 24.71645
-101.430391 24.683062
-101.523297 24.693543
-101.581396 24.7012
-101.597899 24.74
-101.575697 24.732879
-101.566198 24.778098
-101.622794 24.810667
-101.664093 24.790837
-101.744197 24.823687
-101.8093 24.958352
-102.196411 25.110355
-102.316517 25.095715
-102.47622 25.078454
-102.638128 25.059715
-102.645322 25.053085
-102.642827 25.037157
-102.788827 24.809294
-102.796028 24.800394
-102.802231 24.793723
-102.80713 24.780235
-102.810028 24.768965
-102.813325 24.759965
-102.807832 24.743975
-102.807228 24.730356
-102.81073 24.714558
-102.813126 24.701007
-102.817025 24.689758
-102.832231 24.694649
-102.841928 24.703927
-102.855127 24.713288
-102.864427 24.718038
-102.875529 24.727347
-102.880831 24.734267
-102.891528 24.741306
-102.90243 24.743816
-102.915134 24.753166
-102.930531 24.753506
-102.937329 24.760454
-102.951634 24.765305
-102.958035 24.767716
-102.972036 24.765754
-102.983029 24.763716
-103.000235 24.755024
-103.01573 24.753076
-103.027732 24.751076
-103.047034 24.756015
-103.062432 24.758605
-103.075737 24.761155
-103.084633 24.765874
-103.094735 24.775154
-103.103937 24.784413
-103.113633 24.793683
-103.122537 24.798404
-103.132837 24.803152
-103.143434 24.814703
-103.153239 24.819443
-103.165636 24.821972
-103.173542 24.826662
-103.187839 24.847351
-103.196735 24.852072
-103.207439 24.861361
-103.21664 24.868341
-103.22604 24.87306
-103.234838 24.88004
-103.239942 24.893739
-103.246137 24.90294
-103.260344 24.912289
-103.253943 24.925769
-103.246137 24.939216
-103.240744 24.952717
-103.242437 24.964076
-103.24764 24.973257
-103.257239 24.987047
-103.261938 24.996204
-103.265241 25.005336
-103.258444 25.014274
-103.258642 25.025615
-103.270942 25.032665
-103.280738 25.037395
-103.288138 25.042064
-103.300445 25.049113
-103.31324 25.056153
-103.320542 25.060833
-103.332245 25.070133
-103.339646 25.074803
-103.351045 25.077291
-103.359246 25.088792
-103.364846 25.104762
-103.372544 25.11398
-103.384348 25.121002
-103.386042 25.13237
-103.388049 25.14827
-103.401446 25.153058
-103.411341 25.157779
-103.415546 25.166928
-103.423946 25.171618
-103.42725 25.180748
-103.43755 25.185479
-103.445446 25.190157
-103.45065 25.201587
-103.456448 25.208497
-103.466847 25.213217
-103.473546 25.224677
-103.49175 25.227376
-103.497144 25.238716
-103.50125 25.254655
-103.497846 25.268195
-103.488646 25.274824
-103.480046 25.279203
-103.473646 25.294954
-103.467748 25.310703
-103.45805 25.317332
-103.448246 25.328482
-103.43935 25.341923
-103.436046 25.353192
-103.428448 25.357581
-103.406345 25.359431
-103.391742 25.365961
-103.372347 25.36105
-103.360743 25.363101
-103.349848 25.358353
-103.341944 25.353673
-103.328744 25.344354
-103.31894 25.353223
-103.324746 25.362401
-103.329942 25.371572
-103.336245 25.380761
-103.344942 25.389991
-103.353846 25.396971
-103.360644 25.403891
-103.370845 25.413161
-103.383044 25.42473
-103.395748 25.436299
-103.408047 25.447858
-103.417247 25.457106
-103.425549 25.464049
-103.436147 25.482377
-103.447347 25.491655
-103.455946 25.507685
-103.454145 25.518975
-103.44795 25.527936
-103.439748 25.534585
-103.428548 25.541164
-103.417348 25.547764
-103.412549 25.556733
-103.410244 25.568022
-103.407544 25.577033
-103.398243 25.585933
-103.389446 25.594823
-103.384243 25.603783
-103.378948 25.615023
-103.371646 25.623953
-103.366444 25.630642
-103.359149 25.639571
-103.353343 25.648961
-103.350749 25.653011
-103.346446 25.664261
-103.341242 25.670949
-103.334643 25.67732
-103.328143 25.683649
-103.317148 25.69324
-103.311946 25.69777
-103.303042 25.705578
-103.297945 25.723608
-103.288545 25.739288
-103.285143 25.750557
-103.290346 25.761986
-103.295641 25.771146
-103.300943 25.780317
-103.303743 25.789946
-103.306948 25.800935
-103.309641 25.809945
-103.327946 26.091254
-103.247446 26.270909
-103.333052 26.383564
-103.582853 26.614626
-103.631255 26.658503
-103.631659 26.663034
-103.645156 26.728931
-103.882166 27.580301
-103.944669 27.822132
-103.675765 28.285617
-103.553762 28.504859
-103.361657 28.834029
-103.286559 28.971266
-103.281995 28.97658
-103.269615 28.990993
-103.265566 28.995708
-103.25936 29.002933
