-104.576057 19.153466
-104.573759 19.168736
-104.575659 19.180045
-104.566054 19.184566
-104.560255 19.191343
-104.552557 19.200386
-104.547254 19.207174
-104.540556 19.213953
-104.533255 19.225255
-104.523755 19.222983
-104.519452 19.213924
-104.506153 19.211642
-104.497952 19.218423
-104.491353 19.211625
-104.493755 19.200315
-104.484753 19.195776
-104.473751 19.198024
-104.465656 19.193493
-104.467457 19.204804
-104.464557 19.213845
-104.458752 19.222883
-104.449153 19.225134
-104.440952 19.231914
-104.438953 19.243223
-104.425151 19.245452
-104.41315 19.247703
-104.405452 19.252202
-104.397851 19.247661
-104.397455 19.234094
-104.385553 19.236324
-104.369653 19.243083
-104.362054 19.238532
-104.356454 19.245464
-104.34665 19.249811
-104.336648 19.252052
-104.327149 19.245241
-104.31475 19.242943
-104.311248 19.254253
-104.30265 19.258751
-104.297347 19.265531
-104.282447 19.265483
-104.271453 19.269982
-104.261847 19.272223
-104.253752 19.276722
-104.241247 19.278942
-104.234647 19.272132
-104.225546 19.267583
-104.215551 19.265281
-104.20075 19.265233
-104.192646 19.260683
-104.187345 19.269713
-104.180051 19.274221
-104.169544 19.276442
-104.158542 19.27414
-104.148548 19.278631
-104.137042 19.280842
-104.128345 19.285341
-104.120646 19.289843
-104.118144 19.298881
-104.109545 19.303371
-104.106142 19.31241
-104.096545 19.314618
-104.088343 19.32138
-104.08484 19.332678
-104.080042 19.339451
-104.073244 19.346208
-104.062745 19.348429
-104.05684 19.355189
-104.052042 19.361957
-104.049043 19.375518
-104.047945 19.386838
-104.036942 19.391307
-104.02974 19.395807
-104.021042 19.400286
-104.006645 19.400227
-103.991439 19.397886
-103.978943 19.397826
-103.96794 19.395517
-103.957038 19.390938
-103.94554 19.388608
-103.932638 19.388547
-103.919737 19.386217
-103.909741 19.383898
-103.899244 19.381579
-103.887242 19.383786
-103.87724 19.381467
-103.856136 19.381338
-103.839939 19.378988
-103.828341 19.385718
-103.823634 19.381158
-103.814136 19.378838
-103.804934 19.385569
-103.800036 19.392327
-103.789034 19.394526
-103.775133 19.398966
-103.764535 19.405687
-103.748139 19.410108
-103.731438 19.410006
-103.721337 19.416727
-103.718231 19.430285
-103.710938 19.439284
-103.704636 19.446035
-103.695435 19.455025
-103.682433 19.461724
-103.666038 19.468393
-103.653037 19.475094
-103.647231 19.481853
-103.637137 19.488562
-103.629331 19.493034
-103.62123 19.490715
-103.618536 19.481644
-103.618131 19.470324
-103.61643 19.458994
-103.61373 19.443146
-103.609136 19.434054
-103.603032 19.422696
-103.597433 19.413595
-103.590329 19.404496
-103.584729 19.397669
-103.578633 19.386297
-103.573933 19.379489
-103.565434 19.372628
-103.554432 19.368017
-103.545932 19.363438
-103.536029 19.35431
-103.530833 19.34521
-103.527728 19.32935
-103.519229 19.324761
-103.507326 19.320143
-103.495928 19.31552
-103.487825 19.308672
-103.486528 19.301872
-103.491426 19.290602
-103.494028 19.281573
-103.49653 19.272542
-103.502329 19.263534
-103.506327 19.254526
-103.509333 19.243224
-103.510332 19.238714
-103.509127 19.227387
-103.50593 19.216055
-103.511332 19.204787
-103.511431 19.193477
-103.513628 19.177658
-103.509928 19.168578
-103.506228 19.159498
-103.502031 19.150419
-103.499826 19.141358
-103.505128 19.13235
-103.512026 19.1211
-103.513628 19.10527
-103.519525 19.091751
-103.519732 19.080442
-103.517031 19.069112
-103.519526 19.057822
-103.521227 19.042003
-103.51803 19.032936
-103.510026 19.026084
-103.501932 19.019225
-103.49923 19.010164
-103.496927 19.001095
-103.494829 18.982986
-103.495927 18.971687
-103.496629 18.955869
-103.494531 18.94002
-103.501726 18.933288
-103.509927 18.926569
-103.515329 18.917568
-103.515031 18.906262
-103.527033 18.897301
-103.537531 18.89512
-103.536325 18.88381
-103.541132 18.874803
-103.55453 18.872642
-103.562731 18.865922
-103.572428 18.854691
-103.576328 18.845664
-103.584529 18.841205
-103.59463 18.840854
-103.603229 18.847544
-103.610829 18.851972
-103.621335 18.854121
-103.628934 18.849543
-103.636029 18.842694
-103.640233 18.833623
-103.63493 18.822395
-103.629132 18.815674
-103.623929 18.815735
-103.627629 18.804414
-103.626629 18.793134
-103.62753 18.777335
-103.630733 18.763756
-103.643529 18.754596
-103.658635 18.745408
-103.671933 18.743018
-103.682935 18.740646
-103.689535 18.733807
-103.696134 18.726959
-103.704634 18.722357
-103.710333 18.715528
-103.70973 18.701989
-103.71443 18.692919
-103.725333 18.673771
-103.750732 18.693699
-103.795937 18.726567
-103.843439 18.763165
-103.907642 18.801623
-104.005339 18.883959
-104.124742 18.939698
-104.224347 18.970215
-104.303451 19.003304
-104.327751 19.014722
-104.343651 19.036122
-104.329246 19.07613
-104.37555 19.100661
-104.455654 19.101029
-104.479053 19.122239
-104.490856 19.133929
-104.576057 19.153466
