-99.27571 19.112758
-99.275252 19.1184
-99.277634 19.121769
-99.280501 19.126258
-99.283608 19.129629
-99.287194 19.132977
-99.290772 19.137467
-99.293404 19.140838
-99.296029 19.145327
-99.297699 19.149829
-99.300331 19.154317
-99.302965 19.157687
-99.30678 19.162167
-99.31012 19.167786
-99.31324 19.174536
-99.314934 19.182416
-99.316385 19.190305
-99.316393 19.197066
-99.315934 19.202706
-99.314522 19.209485
-99.313119 19.214014
-99.313371 19.221903
-99.316727 19.230905
-99.320085 19.235394
-99.325081 19.238742
-99.328433 19.242095
-99.33082 19.245462
-99.333215 19.249973
-99.334909 19.256723
-99.337305 19.263463
-99.340173 19.266832
-99.342805 19.270201
-99.345193 19.273572
-99.349984 19.278042
-99.353563 19.283651
-99.355958 19.288162
-99.357416 19.29491
-99.356715 19.300561
-99.351969 19.307361
-99.347933 19.314161
-99.345576 19.31756
-99.342715 19.32209
-99.340342 19.325489
-99.337968 19.32889
-99.33346 19.33231
-99.330599 19.33684
-99.327761 19.34137
-99.322533 19.34593
-99.319925 19.349329
-99.315407 19.354998
-99.312784 19.358399
-99.308031 19.362947
-99.299463 19.366389
-99.292061 19.363047
-99.285393 19.364227
-99.280633 19.366518
-99.273964 19.368819
-99.266327 19.371117
-99.262527 19.373408
-99.25872 19.376819
-99.255401 19.381348
-99.252777 19.385876
-99.248024 19.389297
-99.240883 19.393847
-99.23683 19.396126
-99.231826 19.399546
-99.2285 19.402956
-99.224226 19.409757
-99.222571 19.415406
-99.222341 19.421045
-99.222349 19.427817
-99.218307 19.433474
-99.214264 19.436895
-99.209028 19.440315
-99.204976 19.445965
-99.202842 19.452765
-99.203817 19.460644
-99.205017 19.465154
-99.204551 19.473053
-99.203856 19.480963
-99.202911 19.486602
-99.198377 19.488884
-99.194807 19.491162
-99.193632 19.496811
-99.191481 19.501341
-99.18672 19.503623
-99.182417 19.501402
-99.178603 19.499162
-99.1724 19.499191
-99.165236 19.498112
-99.159749 19.497024
-99.157361 19.500423
-99.158796 19.504922
-99.160238 19.509422
-99.16287 19.512802
-99.165511 19.519542
-99.159551 19.521841
-99.15382 19.523002
-99.15025 19.525282
-99.146184 19.53094
-99.144284 19.535469
-99.141195 19.54113
-99.138586 19.54904
-99.13764 19.554689
-99.137892 19.561459
-99.132871 19.56262
-99.129781 19.566019
-99.126209 19.5683
-99.121425 19.57058
-99.116885 19.572861
-99.112355 19.57514
-99.111875 19.56837
-99.111629 19.56273
-99.108706 19.554818
-99.110889 19.546941
-99.112323 19.542421
-99.11446 19.53789
-99.116368 19.533369
-99.117787 19.528851
-99.119695 19.523201
-99.120405 19.515291
-99.119915 19.509663
-99.116574 19.506294
-99.112507 19.502933
-99.105824 19.500703
-99.10033 19.499612
-99.095074 19.498512
-99.090312 19.497412
-99.084828 19.498562
-99.074084 19.494113
-99.069065 19.490753
-99.064295 19.487393
-99.060717 19.484032
-99.056659 19.481794
-99.051644 19.480683
-99.053782 19.477293
-99.051639 19.472794
-99.049953 19.467154
-99.049471 19.461524
-99.048762 19.455884
-99.048526 19.450243
-99.046374 19.445745
-99.043742 19.441246
-99.042543 19.436744
-99.040874 19.432236
-99.041597 19.424335
-99.043 19.417555
-99.044192 19.413038
-99.044672 19.405136
-99.044908 19.397237
-99.043702 19.392739
-99.040606 19.387108
-99.036302 19.382617
-99.03106 19.378128
-99.027017 19.375899
-99.023431 19.373658
-99.016749 19.37031
-99.008653 19.368088
-99.005074 19.365847
-99.001023 19.363619
-98.996254 19.362507
-98.9879 19.359169
-98.982429 19.35694
-98.978851 19.3547
-98.972419 19.349089
-98.969315 19.34347
-98.964545 19.338971
-98.96193 19.334469
-98.959059 19.329969
-98.957871 19.325471
-98.956909 19.319832
-98.955718 19.314201
-98.955491 19.308561
-98.955483 19.305172
-98.955482 19.299541
-98.955482 19.293891
-98.954292 19.289391
-98.957625 19.283732
-98.958823 19.279221
-98.960242 19.273573
-98.96215 19.267924
-98.96357 19.263402
-98.965254 19.258883
-98.966445 19.252114
-98.966674 19.245344
-98.965468 19.238583
-98.96357 19.231825
-98.96 19.226206
-98.956664 19.219455
-98.952621 19.212705
-98.95166 19.203687
-98.952139 19.198034
-98.952865 19.191277
-98.955245 19.184498
-98.95619 19.175467
-98.956184 19.168697
-98.953094 19.161949
-98.950468 19.157448
-98.94905 19.149558
-98.947615 19.143928
-98.946188 19.138298
-98.946188 19.132659
-98.947135 19.125888
-98.950233 19.117979
-98.952613 19.114578
-98.955222 19.10894
-98.958563 19.10441
-98.960448 19.099891
-98.960692 19.093129
-98.959029 19.087491
-98.957838 19.082992
-98.958793 19.077343
-98.959738 19.071703
-98.960219 19.066053
-98.963845 19.066133
-98.969795 19.066103
-98.975029 19.067211
-98.981461 19.066052
-98.987656 19.063762
-98.993126 19.062603
-98.998833 19.060311
-99.004807 19.060283
-99.010986 19.059133
-99.01931 19.05682
-99.027658 19.053382
-99.0336 19.049973
-99.040025 19.044293
-99.044305 19.042013
-99.052408 19.040843
-99.061441 19.040783
-99.066904 19.042733
-99.070704 19.044992
-99.075685 19.047251
-99.082583 19.048384
-99.089236 19.051773
-99.093745 19.054032
-99.101832 19.056293
-99.105868 19.058554
-99.112758 19.060812
-99.122746 19.063082
-99.128459 19.064212
-99.133449 19.065342
-99.141308 19.065342
-99.147967 19.067592
-99.15511 19.069851
-99.160329 19.07098
-99.167706 19.07324
-99.176741 19.0755
-99.183643 19.076632
-99.189589 19.077751
-99.196026 19.07662
-99.20651 19.07549
-99.211516 19.074362
-99.221281 19.07435
-99.228423 19.075482
-99.236511 19.077741
-99.2415 19.079991
-99.246252 19.083381
-99.250052 19.086761
-99.255028 19.091279
-99.260254 19.095781
-99.264991 19.099169
-99.268791 19.10256
-99.272109 19.1082
-99.27571 19.112758
