-107.101344 25.588639
-106.937239 25.600661
-106.735032 25.585371
-106.666732 25.643121
-106.546429 25.737586
-106.548833 25.759226
-106.54633 25.762517
-106.543631 26.005059
-106.481731 26.009636
-106.413828 26.118443
-106.418131 26.172831
-106.418933 26.18406
-106.419932 26.197619
-106.421031 26.213629
-106.429027 26.227209
-106.443127 26.245338
-106.452633 26.261198
-106.459629 26.272527
-106.471729 26.279316
-106.48583 26.286106
-106.493329 26.297435
-106.485731 26.313294
-106.472028 26.329166
-106.451833 26.345034
-106.434131 26.356363
-106.40733 26.363174
-106.358332 26.381284
-106.327531 26.388085
-106.300728 26.392592
-106.276428 26.399372
-106.255729 26.410684
-106.237525 26.415205
-106.226027 26.418092
-106.219222 26.419832
-106.213225 26.421963
-106.224624 26.562429
-106.211425 26.571478
-106.189528 26.591828
-106.181326 26.619007
-106.181723 26.632586
-106.183723 26.646184
-106.185622 26.659773
-106.185522 26.673363
-106.183425 26.693744
-106.179229 26.711852
-106.175628 26.725432
-106.170523 26.734483
-106.157324 26.745791
-106.141523 26.752562
-106.128423 26.748011
-106.120924 26.729872
-106.110425 26.714012
-106.099324 26.711712
-106.089726 26.720212
-106.085323 26.724154
-106.07642 26.732062
-106.071224 26.741113
-106.066624 26.750161
-106.06152 26.761472
-106.054821 26.775029
-106.045123 26.788611
-106.035922 26.79538
-106.022823 26.79761
-105.996919 26.797548
-105.979318 26.79071
-105.955522 26.78158
-105.932419 26.763402
-105.915817 26.749772
-105.901717 26.733874
-105.769114 26.617898
-105.716409 26.635798
-105.649414 26.655886
-105.542308 26.508122
-105.413101 26.453015
-105.3393 26.418567
-105.297498 26.440956
-105.140397 26.523573
-105.131997 26.514453
-105.123399 26.509852
-105.112892 26.502973
-105.102394 26.496104
-105.092499 26.484684
-105.081993 26.477815
-105.070998 26.466396
-105.062597 26.457266
-105.053594 26.445866
-105.044691 26.438995
-105.029492 26.441125
-105.010693 26.447755
-104.998494 26.454446
-104.982891 26.452045
-104.962795 26.442817
-104.94929 26.438156
-104.929492 26.440237
-104.920794 26.451477
-104.906489 26.458148
-104.898187 26.471657
-104.882593 26.473775
-104.868287 26.472586
-104.851792 26.471216
-104.83609 26.473325
-104.824386 26.480005
-104.80529 26.475287
-104.779586 26.470495
-104.756483 26.461197
-104.738485 26.449696
-104.720883 26.447237
-104.712483 26.440357
-104.699482 26.428888
-104.688083 26.419707
-104.679188 26.40829
-104.668285 26.396837
-104.655383 26.38311
-104.652583 26.371759
-104.645182 26.362619
-104.636682 26.358
-104.625185 26.351071
-104.615281 26.339641
-104.592079 26.337113
-104.571183 26.323282
-104.562279 26.314121
-104.550681 26.311724
-104.531982 26.313772
-104.523879 26.320474
-104.495978 26.354122
-104.230873 26.706279
-103.971566 26.743299
-103.631659 26.663034
-103.631255 26.658503
-103.582853 26.614626
-103.333052 26.383564
-103.247446 26.270909
-103.327946 26.091254
-103.309641 25.809945
-103.306948 25.800935
-103.303743 25.789946
-103.300943 25.780317
-103.295641 25.771146
-103.290346 25.761986
-103.285143 25.750557
-103.288545 25.739288
-103.297945 25.723608
-103.303042 25.705578
-103.311946 25.69777
-103.317148 25.69324
-103.328143 25.683649
-103.334643 25.67732
-103.341242 25.670949
-103.346446 25.664261
-103.350749 25.653011
-103.353343 25.648961
-103.359149 25.639571
-103.366444 25.630642
-103.371646 25.623953
-103.378948 25.615023
-103.384243 25.603783
-103.389446 25.594823
-103.398243 25.585933
-103.407544 25.577033
-103.410244 25.568022
-103.412549 25.556733
-103.417348 25.547764
-103.428548 25.541164
-103.439748 25.534585
-103.44795 25.527936
-103.454145 25.518975
-103.455946 25.507685
-103.447347 25.491655
-103.436147 25.482377
-103.425549 25.464049
-103.417247 25.457106
-103.408047 25.447858
-103.395748 25.436299
-103.383044 25.42473
-103.370845 25.413161
-103.360644 25.403891
-103.353846 25.396971
-103.344942 25.389991
-103.336245 25.380761
-103.329942 25.371572
-103.324746 25.362401
-103.31894 25.353223
-103.328744 25.344354
-103.341944 25.353673
-103.349848 25.358353
-103.360743 25.363101
-103.372347 25.36105
-103.391742 25.365961
-103.406345 25.359431
-103.428448 25.357581
-103.436046 25.353192
-103.43935 25.341923
-103.448246 25.328482
-103.45805 25.317332
-103.467748 25.310703
-103.473646 25.294954
-103.480046 25.279203
-103.488646 25.274824
-103.497846 25.268195
-103.50125 25.254655
-103.497144 25.238716
-103.49175 25.227376
-103.473546 25.224677
-103.466847 25.213217
-103.456448 25.208497
-103.45065 25.201587
-103.445446 25.190157
-103.43755 25.185479
-103.42725 25.180748
-103.423946 25.171618
-103.415546 25.166928
-103.411341 25.157779
-103.401446 25.153058
-103.388049 25.14827
-103.386042 25.13237
-103.384348 25.121002
-103.372544 25.11398
-103.364846 25.104762
-103.359246 25.088792
-103.351045 25.077291
-103.339646 25.074803
-103.332245 25.070133
-103.320542 25.060833
-103.31324 25.056153
-103.300445 25.049113
-103.288138 25.042064
-103.280738 25.037395
-103.270942 25.032665
-103.258642 25.025615
-103.258444 25.014274
-103.265241 25.005336
-103.261938 24.996204
-103.257239 24.987047
-103.24764 24.973257
-103.242437 24.964076
-103.240744 24.952717
-103.246137 24.939216
-103.253943 24.925769
-103.260344 24.912289
-103.246137 24.90294
-103.239942 24.893739
-103.234838 24.88004
-103.22604 24.87306
-103.21664 24.868341
-103.207439 24.861361
-103.196735 24.852072
-103.187839 24.847351
-103.173542 24.826662
-103.165636 24.821972
-103.153239 24.819443
-103.143434 24.814703
-103.132837 24.803152
-103.122537 24.798404
-103.113633 24.793683
-103.103937 24.784413
-103.094735 24.775154
-103.084633 24.765874
-103.075737 24.761155
-103.062432 24.758605
-103.047034 24.756015
-103.027732 24.751076
-103.01573 24.753076
-103.000235 24.755024
-102.983029 24.763716
-102.972036 24.765754
-102.958035 24.767716
-102.951634 24.765305
-102.937329 24.760454
-102.930531 24.753506
-102.915134 24.753166
-102.90243 24.743816
-102.891528 24.741306
-102.880831 24.734267
-102.875529 24.727347
-102.864427 24.718038
-102.855127 24.713288
-102.841928 24.703927
-102.832231 24.694649
-102.817025 24.689758
-102.813126 24.701007
-102.81073 24.714558
-102.807228 24.730356
-102.807832 24.743975
-102.813325 24.759965
-102.810028 24.768965
-102.80713 24.780235
-102.802231 24.793723
-102.796028 24.800394
-102.788827 24.809294
-102.642827 25.037157
-102.495018 24.788725
-102.51142 24.390031
-102.533019 24.383762
-102.746327 24.361612
-102.81713 24.336013
-102.873231 24.350882
-103.112137 24.383229
-103.18194 24.391459
-103.270138 24.384149
-103.405243 24.36635
-103.409942 24.357362
-103.40924 24.343741
-103.410644 24.330171
-103.411446 24.318831
-103.416244 24.307592
-103.42144 24.298622
-103.424141 24.289602
-103.433243 24.282962
-103.443742 24.278622
-103.45984 24.272123
-103.466043 24.263164
-103.470247 24.254172
-103.481348 24.245305
-103.492944 24.240974
-103.513247 24.241344
-103.527644 24.237193
-103.540644 24.232774
-103.545642 24.226035
-103.551349 24.212486
-103.551043 24.201156
-103.550845 24.180755
-103.555149 24.160407
-103.560146 24.153649
-103.569247 24.140138
-103.576344 24.133399
-103.588345 24.124437
-103.596844 24.119989
-103.604344 24.11552
-103.614346 24.11108
-103.626852 24.102119
-103.634351 24.09765
-103.64485 24.090939
-103.655745 24.08424
-103.668745 24.077541
-103.682746 24.07087
-103.694648 24.066429
-103.70465 24.061981
-103.716148 24.055271
-103.722152 24.053051
-103.750954 24.039692
-103.759454 24.03522
-103.771851 24.033053
-103.785348 24.028621
-103.795252 24.021903
-103.804254 24.015172
-103.813349 24.008432
-103.822252 24.001713
-103.829355 23.992692
-103.834353 23.985924
-103.839449 23.976903
-103.841052 23.965574
-103.84125 23.951983
-103.849254 23.942985
-103.856853 23.929435
-103.85805 23.913576
-103.858752 23.899988
-103.86825 23.888716
-103.883654 23.882026
-103.892757 23.866227
-103.889453 23.857139
-103.884555 23.850309
-103.878352 23.83894
-103.873454 23.832099
-103.868655 23.820739
-103.85985 23.809339
-103.850649 23.797941
-103.848352 23.786599
-103.847551 23.768462
-103.852655 23.754902
-103.860254 23.743624
-103.866853 23.725532
-103.868052 23.714214
-103.864648 23.705126
-103.85885 23.698283
-103.84955 23.693686
-103.838655 23.691334
-103.825951 23.686715
-103.820549 23.679876
-103.812752 23.670756
-103.809448 23.659397
-103.808152 23.645787
-103.806847 23.634448
-103.810051 23.618597
-103.81405 23.609569
-103.875452 23.632677
-103.930156 23.603578
-103.933956 23.533341
-104.079253 23.420914
-104.10546 23.273731
-104.110259 23.242022
-104.123954 23.158236
-104.171158 23.110886
-104.167656 22.972601
-104.162559 22.711923
-104.303155 22.247942
-104.310358 22.415685
-104.436864 22.379878
-104.566063 22.427834
-104.645771 22.588926
-104.772369 22.625376
-104.897173 22.54839
-104.944377 22.518918
-104.994175 22.539309
-104.995076 22.566517
-104.999677 22.641315
-104.911075 22.71387
-104.909076 22.72746
-104.909075 22.738802
-104.911479 22.74786
-104.906978 22.75693
-104.907878 22.768269
-104.91328 22.777338
-104.921573 22.784138
-104.911075 22.822668
-104.936375 22.881614
-104.938779 22.892944
-104.945081 22.904273
-104.952878 22.911083
-104.965177 22.917883
-104.976377 22.922413
-104.986182 22.926932
-105.006377 22.933731
-105.019079 22.935991
-105.031378 22.94052
-105.045578 22.945041
-105.063278 22.951841
-105.076477 22.95636
-105.092179 22.960869
-105.102982 22.9654
-105.128481 22.97217
-105.143687 22.976691
-105.155482 22.981208
-105.165286 22.983459
-105.178081 22.98797
-105.194286 22.992488
-105.205585 22.996999
-105.215383 23.001518
-105.384987 23.001127
-105.390291 23.089535
-105.52889 23.091334
-105.630798 23.20202
-105.644593 23.201948
-105.650994 23.210989
-105.649094 23.224606
-105.652993 23.235926
-105.660898 23.242676
-105.676599 23.242618
-105.692896 23.247076
-105.691401 23.262946
-105.696901 23.269724
-105.700297 23.278775
-105.700298 23.292373
-105.705303 23.299163
-105.711696 23.308194
-105.715099 23.317243
-105.722499 23.324013
-105.727 23.333053
-105.725498 23.344403
-105.7196 23.353501
-105.714199 23.362592
-105.706798 23.373963
-105.713298 23.383003
-105.723598 23.385222
-105.735402 23.391961
-105.740398 23.401
-105.7365 23.410101
-105.731999 23.421448
-105.729099 23.432809
-105.734501 23.439579
-105.738499 23.448628
-105.747403 23.453118
-105.758702 23.459857
-105.764699 23.468898
-105.765698 23.484767
-105.768705 23.502888
-105.7712 23.511948
-105.783002 23.525484
-105.794401 23.532224
-105.809203 23.538944
-105.818602 23.545695
-105.825004 23.552465
-105.827507 23.563785
-105.834403 23.579622
-105.837905 23.588663
-105.842903 23.597701
-105.845902 23.606764
-105.851806 23.620331
-105.859307 23.63162
-105.864205 23.638401
-105.868707 23.649698
-105.875108 23.663269
-105.878106 23.676858
-105.880602 23.685909
-105.883104 23.697229
-105.886102 23.706279
-105.892106 23.719858
-105.896608 23.728896
-105.904504 23.733377
-105.911402 23.740136
-105.923305 23.749136
-105.92831 23.755906
-105.934703 23.764935
-105.936206 23.771724
-105.947209 23.968897
-105.947308 23.982507
-105.951206 23.991547
-105.955204 24.002856
-105.962705 24.014145
-105.968205 24.027716
-105.973706 24.036743
-105.984212 24.057083
-105.992612 24.072904
-106.001112 24.088712
-106.008612 24.097733
-106.013609 24.10677
-106.02101 24.115781
-106.03701 24.13835
-106.043015 24.147381
-106.052414 24.158648
-106.063408 24.172179
-106.07341 24.187967
-106.089311 24.208268
-106.106309 24.226278
-106.12121 24.242036
-106.13621 24.255536
-106.150615 24.266756
-106.170016 24.277954
-106.188411 24.286884
-106.205915 24.295813
-106.218816 24.300245
-106.232717 24.302403
-106.237417 24.307903
-106.269721 24.312474
-106.292616 24.312474
-106.320419 24.305672
-106.343818 24.294342
-106.369218 24.271653
-106.39412 24.258033
-106.412119 24.246685
-106.428019 24.237604
-106.447924 24.233056
-106.464725 24.230775
-106.479626 24.233025
-106.502026 24.237545
-106.520825 24.251145
-106.536222 24.262464
-106.546621 24.276071
-106.558424 24.294202
-106.569822 24.314601
-106.578727 24.33501
-106.582122 24.346349
-106.583625 24.371311
-106.573028 24.396267
-106.574027 24.414419
-106.583426 24.428016
-106.601829 24.439327
-106.612725 24.452926
-106.613625 24.471075
-106.618126 24.482405
-106.62803 24.493735
-106.638925 24.502784
-106.657832 24.523173
-106.678729 24.541283
-106.69263 24.561672
-106.700527 24.588862
-106.706432 24.616079
-106.711934 24.643288
-106.720334 24.661417
-106.731732 24.674996
-106.749731 24.688568
-106.768133 24.702126
-106.78453 24.717965
-106.79753 24.738344
-106.811935 24.756452
-106.825836 24.763213
-106.843331 24.767702
-106.863831 24.767643
-106.900133 24.762982
-106.936037 24.760593
-106.956538 24.767323
-106.973537 24.785403
-106.983936 24.801241
-107.000439 24.828391
-107.009938 24.85104
-107.019941 24.866879
-107.030439 24.878168
-107.04344 24.896266
-107.055937 24.916626
-107.066444 24.939256
-107.078444 24.964166
-107.090942 24.993583
-107.100044 25.025301
-107.106545 25.050211
-107.117043 25.08192
-107.128641 25.113618
-107.134142 25.140817
-107.137742 25.161205
-107.137743 25.172547
-107.138743 25.195216
-107.142244 25.213345
-107.145846 25.231474
-107.146342 25.249612
-107.145846 25.272293
-107.144442 25.294971
-107.138941 25.326749
-107.135043 25.353981
-107.128047 25.383486
-107.124042 25.397119
-107.114542 25.422107
-107.107547 25.444815
-107.109141 25.460674
-107.117144 25.485594
-107.122241 25.503703
-107.121745 25.517314
-107.119242 25.537723
-107.114741 25.551352
-107.105242 25.574071
-107.104747 25.585412
-107.101344 25.588639
