-100.16595 20.092024
-100.148446 20.072345
-100.142846 20.063496
-100.136742 20.052396
-100.129548 20.039077
-100.117647 20.028188
-100.108543 20.017188
-100.100539 20.006159
-100.09404 19.999599
-100.086142 19.99309
-100.078644 19.986558
-100.04444 20.011248
-100.039039 20.020238
-100.03404 20.026958
-100.027738 20.033667
-100.019841 20.042617
-100.009939 20.056065
-100.001539 20.067277
-99.995589 20.078505
-99.987721 20.087457
-99.982769 20.094184
-99.975377 20.103133
-99.965497 20.116584
-99.956624 20.127783
-99.949657 20.139003
-99.943225 20.147972
-99.934436 20.154642
-99.923771 20.159022
-99.911716 20.161112
-99.899219 20.160942
-99.880961 20.160681
-99.877841 20.171952
-99.883938 20.178831
-99.890491 20.187979
-99.898037 20.19488
-99.90318 20.201741
-99.909251 20.210879
-99.91334 20.22226
-99.908771 20.233519
-99.90356 20.239958
-99.898746 20.244498
-99.895366 20.247886
-99.891986 20.251288
-99.889101 20.254689
-99.884768 20.259229
-99.881625 20.262627
-99.874408 20.268298
-99.864803 20.262656
-99.859513 20.261548
-99.853991 20.258167
-99.847987 20.255908
-99.840785 20.253668
-99.834298 20.251417
-99.828295 20.249169
-99.823274 20.23785
-99.820404 20.233338
-99.818498 20.228819
-99.815865 20.225428
-99.811304 20.219781
-99.808204 20.215259
-99.802933 20.20961
-99.797898 20.205089
-99.792145 20.199452
-99.786637 20.196062
-99.781356 20.19267
-99.775848 20.188162
-99.766005 20.183651
-99.760017 20.179131
-99.753782 20.174611
-99.745147 20.17011
-99.733146 20.166731
-99.722356 20.162212
-99.710837 20.158831
-99.699544 20.156593
-99.685865 20.155462
-99.676495 20.155474
-99.667118 20.155482
-99.662082 20.154364
-99.65607 20.155493
-99.648532 20.154841
-99.641818 20.156023
-99.63319 20.154973
-99.625278 20.155033
-99.618305 20.152842
-99.611354 20.152892
-99.602 20.152982
-99.596232 20.150774
-99.590242 20.150824
-99.583278 20.149752
-99.576808 20.148674
-99.570322 20.147614
-99.564332 20.147663
-99.556176 20.147722
-99.546587 20.147801
-99.539163 20.147863
-99.533402 20.149043
-99.527886 20.150214
-99.518532 20.146903
-99.512986 20.143562
-99.506507 20.139103
-99.50193 20.133485
-99.499985 20.128996
-99.49829 20.122224
-99.497535 20.116585
-99.498002 20.110934
-99.496071 20.105314
-99.49388 20.098554
-99.492415 20.092915
-99.490951 20.088416
-99.489234 20.079397
-99.487046 20.071517
-99.485586 20.065878
-99.48413 20.061377
-99.481705 20.054618
-99.480248 20.047859
-99.478316 20.043359
-99.476845 20.036598
-99.473946 20.028708
-99.47032 20.020839
-99.467651 20.01182
-99.464744 20.0062
-99.462813 19.999449
-99.46089 19.99494
-99.461814 19.989289
-99.469001 19.988099
-99.474266 19.986931
-99.4812 19.98463
-99.485983 19.98346
-99.491713 19.98115
-99.494331 19.976622
-99.496216 19.968701
-99.497391 19.96191
-99.495926 19.955151
-99.494217 19.947272
-99.492987 19.940501
-99.491279 19.933741
-99.491018 19.926962
-99.489073 19.920212
-99.487616 19.913454
-99.485197 19.907825
-99.483016 19.902204
-99.479643 19.896586
-99.4746 19.889845
-99.469298 19.881985
-99.461843 19.875276
-99.452734 19.868576
-99.44554 19.864117
-99.43788 19.860776
-99.431875 19.857447
-99.426839 19.854098
-99.420363 19.849627
-99.414129 19.842908
-99.409077 19.837298
-99.404262 19.830557
-99.398984 19.823826
-99.396091 19.817077
-99.394635 19.809188
-99.393185 19.804687
-99.393391 19.79791
-99.393627 19.792259
-99.395023 19.78548
-99.395963 19.779831
-99.396655 19.773051
-99.396641 19.76741
-99.395658 19.75952
-99.391575 19.7539
-99.381528 19.751721
-99.374606 19.755161
-99.368381 19.75746
-99.361721 19.76427
-99.358149 19.771079
-99.354351 19.77787
-99.351969 19.782408
-99.343615 19.786978
-99.33787 19.78928
-99.334071 19.791561
-99.330492 19.797229
-99.328615 19.805149
-99.329097 19.811909
-99.329364 19.818678
-99.327457 19.823207
-99.322672 19.822109
-99.318111 19.819889
-99.311892 19.815407
-99.30591 19.814329
-99.298976 19.812109
-99.290841 19.811039
-99.285105 19.813339
-99.278168 19.816768
-99.272668 19.820189
-99.265039 19.825887
-99.260034 19.833818
-99.25431 19.842886
-99.249315 19.851945
-99.246917 19.857606
-99.244797 19.865516
-99.242898 19.874566
-99.240051 19.885874
-99.239113 19.892654
-99.240334 19.901664
-99.242265 19.906164
-99.2437 19.910685
-99.246117 19.921944
-99.247095 19.927594
-99.248047 19.933221
-99.247598 19.942252
-99.243554 19.95018
-99.23806 19.956992
-99.230903 19.966071
-99.218208 19.967282
-99.214606 19.966162
-99.20958 19.965072
-99.202164 19.965113
-99.194503 19.96517
-99.185866 19.965221
-99.180616 19.966373
-99.174627 19.967542
-99.166007 19.967592
-99.157157 19.968773
-99.152127 19.969923
-99.146619 19.971091
-99.139211 19.973381
-99.130102 19.97682
-99.123411 19.977992
-99.11862 19.97915
-99.113592 19.980302
-99.109045 19.98371
-99.104016 19.98713
-99.098279 19.99167
-99.091808 19.99396
-99.08775 19.99624
-99.081767 20.00079
-99.074346 20.00421
-99.063327 20.00653
-99.055423 20.0077
-99.047762 20.00774
-99.035792 20.007801
-99.027888 20.00897
-99.022134 20.008991
-99.017345 20.00789
-99.009203 20.00792
-99.001772 20.00796
-98.995797 20.00574
-98.988847 20.004641
-98.983103 20.002401
-98.978311 20.000172
-98.973511 19.996801
-98.967295 19.992322
-98.962975 19.988951
-98.959397 19.986712
-98.955552 19.983341
-98.952919 19.979972
-98.94957 19.975462
-98.946222 19.972092
-98.944305 19.967583
-98.943595 19.959691
-98.94526 19.955173
-98.947426 19.950642
-98.949807 19.947243
-98.954835 19.942704
-98.958673 19.938175
-98.96489 19.933632
-98.969193 19.931354
-98.973742 19.927943
-98.976854 19.924543
-98.981401 19.920014
-98.984742 19.913224
-98.985941 19.907575
-98.985704 19.901935
-98.984986 19.896297
-98.985215 19.888396
-98.986893 19.882735
-98.989274 19.878215
-98.992395 19.874816
-98.996216 19.870277
-98.998843 19.866877
-99.002672 19.863476
-99.006265 19.858946
-99.010799 19.852157
-99.012476 19.843117
-99.012468 19.837468
-99.014612 19.828438
-99.014132 19.820527
-99.012681 19.813768
-99.011736 19.806999
-99.008624 19.799119
-99.005274 19.795748
-98.999772 19.792389
-98.992602 19.79016
-98.985184 19.78681
-98.980164 19.78571
-98.974427 19.783479
-98.966293 19.78125
-98.961273 19.780149
-98.953849 19.77906
-98.942618 19.777981
-98.937843 19.780251
-98.933296 19.783661
-98.930191 19.787059
-98.927085 19.79159
-98.92517 19.796109
-98.92157 19.80177
-98.918717 19.807419
-98.915596 19.811949
-98.912253 19.81648
-98.907233 19.819877
-98.898375 19.819918
-98.889784 19.818819
-98.884267 19.817718
-98.878537 19.816618
-98.868102 19.816448
-98.863469 19.813288
-98.85678 19.812189
-98.849599 19.81221
-98.842656 19.814499
-98.835972 19.816778
-98.828557 19.817929
-98.823774 19.820199
-98.817562 19.82249
-98.813732 19.824748
-98.807155 19.828839
-98.80415 19.831559
-98.79984 19.833837
-98.794811 19.837228
-98.788584 19.840639
-98.778073 19.840678
-98.768725 19.840708
-98.760607 19.840728
-98.753665 19.840758
-98.746257 19.841907
-98.739085 19.840799
-98.733821 19.839688
-98.723764 19.839718
-98.718515 19.840858
-98.714433 19.843127
-98.704919 19.843627
-98.70344 19.848797
-98.69864 19.849948
-98.693148 19.851098
-98.685724 19.851108
-98.680489 19.846607
-98.677858 19.843229
-98.676187 19.837589
-98.676438 19.831949
-98.677643 19.827428
-98.67933 19.822909
-98.681009 19.818388
-98.683884 19.813868
-98.687006 19.80822
-98.688202 19.80258
-98.686303 19.798071
-98.680801 19.794691
-98.675071 19.795842
-98.669563 19.800372
-98.665962 19.80376
-98.661905 19.806019
-98.657349 19.808289
-98.650903 19.807188
-98.647323 19.80494
-98.644464 19.801559
-98.642791 19.797041
-98.640656 19.791411
-98.639228 19.7869
-98.636847 19.782392
-98.632797 19.777891
-98.628501 19.77338
-98.621817 19.771142
-98.614645 19.768901
-98.609877 19.766652
-98.60198 19.764411
-98.596731 19.7633
-98.591254 19.758791
-98.587195 19.755414
-98.583861 19.749783
-98.580534 19.743011
-98.57768 19.739633
-98.575063 19.736253
-98.572919 19.730623
-98.570555 19.723854
-98.569372 19.717085
-98.566762 19.710315
-98.565365 19.703554
-98.564649 19.696786
-98.563963 19.686636
-98.564467 19.679867
-98.563756 19.674214
-98.562826 19.667446
-98.565473 19.659545
-98.566685 19.653907
-98.566464 19.647137
-98.569585 19.641486
-98.571263 19.636969
-98.572951 19.632447
-98.575591 19.629067
-98.579175 19.624539
-98.584203 19.61889
-98.586842 19.615498
-98.591153 19.612098
-98.600471 19.606439
-98.606681 19.605298
-98.615056 19.603029
-98.622451 19.603008
-98.629141 19.602999
-98.637253 19.602978
-98.647284 19.601818
-98.652534 19.600679
-98.658753 19.597288
-98.664253 19.593879
-98.670937 19.592739
-98.675727 19.59047
-98.682152 19.58819
-98.688149 19.58592
-98.693879 19.584778
-98.699358 19.583638
-98.708917 19.581349
-98.715844 19.580208
-98.72085 19.579059
-98.725397 19.57679
-98.727319 19.571139
-98.720162 19.566652
-98.712288 19.56554
-98.702737 19.56332
-98.700356 19.55768
-98.697504 19.550922
-98.696336 19.54302
-98.693726 19.532882
-98.689447 19.524992
-98.684685 19.519361
-98.678481 19.512622
-98.671822 19.508123
-98.667068 19.502492
-98.662307 19.495732
-98.657783 19.488973
-98.653265 19.481095
-98.650183 19.474334
-98.646613 19.467564
-98.643882 19.464984
-98.645698 19.454035
-98.645942 19.448394
-98.645247 19.442755
-98.643584 19.434866
-98.644316 19.429218
-98.645521 19.422457
-98.646491 19.415677
-98.647223 19.408908
-98.648918 19.402137
-98.650596 19.395366
-98.651787 19.390859
-98.653472 19.384077
-98.655632 19.377308
-98.657074 19.37166
-98.657561 19.366019
-98.658294 19.36038
-98.660698 19.352479
-98.659278 19.346841
-98.658096 19.341201
-98.657166 19.329922
-98.655754 19.323162
-98.655288 19.316392
-98.654822 19.309631
-98.653647 19.305122
-98.649131 19.297233
-98.646286 19.289353
-98.642738 19.282591
-98.64131 19.278093
-98.638946 19.271323
-98.638007 19.265685
-98.636595 19.258923
-98.63661 19.252164
-98.637335 19.245383
-98.637822 19.239746
-98.639036 19.231845
-98.63999 19.226215
-98.639776 19.219444
-98.639563 19.209297
-98.639815 19.203655
-98.63983 19.198016
-98.63912 19.192376
-98.638183 19.185617
-98.637251 19.175467
-98.636801 19.168698
-98.635855 19.163069
-98.635633 19.15742
-98.634679 19.15066
-98.632802 19.145028
-98.630927 19.138269
-98.628562 19.129261
-98.625486 19.122499
-98.622871 19.115741
-98.621236 19.10785
-98.61981 19.099951
-98.618413 19.090942
-98.617955 19.085301
-98.618436 19.079661
-98.618697 19.074021
-98.619192 19.063873
-98.618742 19.057114
-98.619703 19.049223
-98.62232 19.045835
-98.621633 19.037934
-98.621657 19.030045
-98.62023 19.025536
-98.62151 19.016624
-98.628874 19.014744
-98.634147 19.011385
-98.638457 19.009124
-98.642768 19.005765
-98.648505 19.002396
-98.653068 18.999026
-98.656898 18.995646
-98.660018 18.992276
-98.663412 18.985505
-98.667488 18.981005
-98.670631 18.975375
-98.674727 18.969748
-98.677374 18.965237
-98.680755 18.959607
-98.683403 18.956217
-98.68701 18.951718
-98.691085 18.948348
-98.695625 18.946108
-98.700156 18.943859
-98.704933 18.942737
-98.710655 18.940498
-98.717796 18.939397
-98.724472 18.937158
-98.734954 18.936058
-98.740677 18.934948
-98.746874 18.933837
-98.752823 18.932717
-98.76069 18.930489
-98.765711 18.928237
-98.77308 18.928259
-98.78425 18.929408
-98.812327 18.928359
-98.818979 18.928368
-98.826785 18.934028
-98.831791 18.932908
-98.838198 18.935187
-98.841977 18.937447
-98.846729 18.939718
-98.852887 18.941986
-98.8607 18.948768
-98.863752 18.954417
-98.865131 18.961198
-98.865803 18.966846
-98.864796 18.974736
-98.864506 18.980387
-98.864712 18.986036
-98.865147 18.991674
-98.866307 18.996196
-98.868177 19.000716
-98.870525 19.004105
-98.876438 19.010885
-98.880689 19.015404
-98.884702 19.019935
-98.888493 19.023324
-98.892294 19.025594
-98.894879 19.028983
-98.899098 19.040392
-98.904569 19.041503
-98.910992 19.042602
-98.915754 19.044833
-98.919553 19.048203
-98.926444 19.050422
-98.936429 19.054894
-98.94238 19.057123
-98.947852 19.058224
-98.952368 19.060462
-98.95594 19.062701
-98.960219 19.066053
-98.959738 19.071703
-98.958793 19.077343
-98.957838 19.082992
-98.959029 19.087491
-98.960692 19.093129
-98.960448 19.099891
-98.958563 19.10441
-98.955222 19.10894
-98.952613 19.114578
-98.950233 19.117979
-98.947135 19.125888
-98.946188 19.132659
-98.946188 19.138298
-98.947615 19.143928
-98.94905 19.149558
-98.950468 19.157448
-98.953094 19.161949
-98.956184 19.168697
-98.95619 19.175467
-98.955245 19.184498
-98.952865 19.191277
-98.952139 19.198034
-98.95166 19.203687
-98.952621 19.212705
-98.956664 19.219455
-98.96 19.226206
-98.96357 19.231825
-98.965468 19.238583
-98.966674 19.245344
-98.966445 19.252114
-98.965254 19.258883
-98.96357 19.263402
-98.96215 19.267924
-98.960242 19.273573
-98.958823 19.279221
-98.957625 19.283732
-98.954292 19.289391
-98.955482 19.293891
-98.955482 19.299541
-98.955483 19.305172
-98.955491 19.308561
-98.955718 19.314201
-98.956909 19.319832
-98.957871 19.325471
-98.959059 19.329969
-98.96193 19.334469
-98.964545 19.338971
-98.969315 19.34347
-98.972419 19.349089
-98.978851 19.3547
-98.982429 19.35694
-98.9879 19.359169
-98.996254 19.362507
-99.001023 19.363619
-99.005074 19.365847
-99.008653 19.368088
-99.016749 19.37031
-99.023431 19.373658
-99.027017 19.375899
-99.03106 19.378128
-99.036302 19.382617
-99.040606 19.387108
-99.043702 19.392739
-99.044908 19.397237
-99.044672 19.405136
-99.044192 19.413038
-99.043 19.417555
-99.041597 19.424335
-99.040874 19.432236
-99.042543 19.436744
-99.043742 19.441246
-99.046374 19.445745
-99.048526 19.450243
-99.048762 19.455884
-99.049471 19.461524
-99.049953 19.467154
-99.051639 19.472794
-99.053782 19.477293
-99.051644 19.480683
-99.056659 19.481794
-99.060717 19.484032
-99.064295 19.487393
-99.069065 19.490753
-99.074084 19.494113
-99.084828 19.498562
-99.090312 19.497412
-99.095074 19.498512
-99.10033 19.499612
-99.105824 19.500703
-99.112507 19.502933
-99.116574 19.506294
-99.119915 19.509663
-99.120405 19.515291
-99.119695 19.523201
-99.117787 19.528851
-99.116368 19.533369
-99.11446 19.53789
-99.112323 19.542421
-99.110889 19.546941
-99.108706 19.554818
-99.111629 19.56273
-99.111875 19.56837
-99.112355 19.57514
-99.116885 19.572861
-99.121425 19.57058
-99.126209 19.5683
-99.129781 19.566019
-99.132871 19.56262
-99.137892 19.561459
-99.13764 19.554689
-99.138586 19.54904
-99.141195 19.54113
-99.144284 19.535469
-99.146184 19.53094
-99.15025 19.525282
-99.15382 19.523002
-99.159551 19.521841
-99.165511 19.519542
-99.16287 19.512802
-99.160238 19.509422
-99.158796 19.504922
-99.157361 19.500423
-99.159749 19.497024
-99.165236 19.498112
-99.1724 19.499191
-99.178603 19.499162
-99.182417 19.501402
-99.18672 19.503623
-99.191481 19.501341
-99.193632 19.496811
-99.194807 19.491162
-99.198377 19.488884
-99.202911 19.486602
-99.203856 19.480963
-99.204551 19.473053
-99.205017 19.465154
-99.203817 19.460644
-99.202842 19.452765
-99.204976 19.445965
-99.209028 19.440315
-99.214264 19.436895
-99.218307 19.433474
-99.222349 19.427817
-99.222341 19.421045
-99.222571 19.415406
-99.224226 19.409757
-99.2285 19.402956
-99.231826 19.399546
-99.23683 19.396126
-99.240883 19.393847
-99.248024 19.389297
-99.252777 19.385876
-99.255401 19.381348
-99.25872 19.376819
-99.262527 19.373408
-99.266327 19.371117
-99.273964 19.368819
-99.280633 19.366518
-99.285393 19.364227
-99.292061 19.363047
-99.299463 19.366389
-99.308031 19.362947
-99.312784 19.358399
-99.315407 19.354998
-99.319925 19.349329
-99.322533 19.34593
-99.327761 19.34137
-99.330599 19.33684
-99.33346 19.33231
-99.337968 19.32889
-99.340342 19.325489
-99.342715 19.32209
-99.345576 19.31756
-99.347933 19.314161
-99.351969 19.307361
-99.356715 19.300561
-99.357416 19.29491
-99.355958 19.288162
-99.353563 19.283651
-99.349984 19.278042
-99.345193 19.273572
-99.342805 19.270201
-99.340173 19.266832
-99.337305 19.263463
-99.334909 19.256723
-99.333215 19.249973
-99.33082 19.245462
-99.328433 19.242095
-99.325081 19.238742
-99.320085 19.235394
-99.316727 19.230905
-99.313371 19.221903
-99.313119 19.214014
-99.314522 19.209485
-99.315934 19.202706
-99.316393 19.197066
-99.316385 19.190305
-99.314934 19.182416
-99.31324 19.174536
-99.31012 19.167786
-99.30678 19.162167
-99.302965 19.157687
-99.300331 19.154317
-99.297699 19.149829
-99.296029 19.145327
-99.293404 19.140838
-99.290772 19.137467
-99.287194 19.132977
-99.283608 19.129629
-99.280501 19.126258
-99.277634 19.121769
-99.275252 19.1184
-99.27571 19.112758
-99.277123 19.105978
-99.278534 19.09808
-99.279273 19.09158
-99.280753 19.083672
-99.282676 19.078021
-99.28463 19.073511
-99.286804 19.069001
-99.289222 19.063351
-99.292374 19.056583
-99.294533 19.052072
-99.296706 19.047542
-99.299598 19.043033
-99.301545 19.038512
-99.304673 19.032873
-99.307092 19.027233
-99.309517 19.021583
-99.311685 19.017064
-99.316491 19.010305
-99.318659 19.005774
-99.321565 18.999014
-99.322792 18.993364
-99.324014 18.988844
-99.326928 18.978686
-99.33033 18.969644
-99.333223 18.964006
-99.336122 18.957237
-99.340929 18.949337
-99.344048 18.945946
-99.346445 18.942555
-99.350275 18.940307
-99.354104 18.936917
-99.35792 18.933538
-99.362955 18.930148
-99.368455 18.925637
-99.375154 18.919996
-99.378739 18.916618
-99.383051 18.913229
-99.388316 18.90759
-99.392634 18.903069
-99.396464 18.898557
-99.401255 18.892907
-99.404619 18.888388
-99.409176 18.882759
-99.411571 18.878241
-99.414256 18.868079
-99.41714 18.8613
-99.421703 18.855651
-99.425785 18.84775
-99.428913 18.84211
-99.431552 18.837591
-99.434444 18.830811
-99.436381 18.825162
-99.438303 18.820651
-99.439776 18.816142
-99.442174 18.810492
-99.444103 18.805975
-99.443714 18.790163
-99.450527 18.760807
-99.45293 18.755166
-99.456296 18.750646
-99.460118 18.747254
-99.464642 18.743874
-99.468471 18.740487
-99.473256 18.734836
-99.473538 18.728066
-99.476644 18.724676
-99.480939 18.720155
-99.512372 18.695826
-99.517094 18.702608
-99.524199 18.709377
-99.530813 18.716147
-99.536467 18.727437
-99.542135 18.734204
-99.54972 18.740967
-99.562049 18.745485
-99.570586 18.749994
-99.582932 18.752246
-99.594314 18.756754
-99.606681 18.758995
-99.622841 18.758984
-99.637086 18.758966
-99.648049 18.754445
-99.661385 18.747655
-99.669481 18.743124
-99.676629 18.738595
-99.682833 18.731814
-99.689989 18.725037
-99.694773 18.715996
-99.704767 18.709207
-99.716189 18.706936
-99.729968 18.706918
-99.739482 18.704637
-99.749484 18.697846
-99.751423 18.686556
-99.753818 18.677519
-99.759548 18.666218
-99.765286 18.659437
-99.772899 18.654899
-99.785251 18.652619
-99.799505 18.650339
-99.809964 18.64805
-99.821843 18.645769
-99.838956 18.64347
-99.849416 18.638928
-99.859878 18.636649
-99.872214 18.636618
-99.887428 18.634309
-99.899787 18.629771
-99.910232 18.627479
-99.925927 18.622919
-99.98958 18.61143
-99.994218 18.610559
-100.06364 18.597611
-100.071743 18.574991
-100.077542 18.545622
-100.083637 18.523023
-100.212744 18.434408
-100.251642 18.407119
-100.263542 18.40255
-100.416449 18.559681
-100.418447 18.579992
-100.418446 18.59129
-100.419851 18.60256
-100.420851 18.61611
-100.42275 18.6319
-100.425246 18.647699
-100.428549 18.661218
-100.429953 18.672507
-100.430952 18.683786
-100.433347 18.697315
-100.434346 18.715385
-100.43675 18.731164
-100.439146 18.740195
-100.442053 18.749203
-100.446852 18.758213
-100.449653 18.767223
-100.453452 18.776231
-100.460647 18.78747
-100.46595 18.798742
-100.47065 18.805481
-100.475951 18.82577
-100.474548 18.848368
-100.472053 18.858269
-100.469649 18.861667
-100.46685 18.866209
-100.464249 18.871869
-100.460151 18.878668
-100.455946 18.887738
-100.44805 18.899077
-100.444052 18.907016
-100.441154 18.913816
-100.439048 18.919476
-100.437147 18.925136
-100.434752 18.931925
-100.431747 18.939856
-100.42955 18.945515
-100.427648 18.951173
-100.426254 18.955702
-100.423149 18.962493
-100.420547 18.968164
-100.41815 18.972703
-100.415548 18.976103
-100.409345 18.980663
-100.404151 18.984084
-100.400351 18.987494
-100.39485 18.992043
-100.390348 18.994333
-100.385152 18.997753
-100.381048 19.000041
-100.37625 19.003451
-100.371746 19.006862
-100.367247 19.010282
-100.362745 19.013701
-100.358448 19.017112
-100.355351 19.020513
-100.352948 19.023921
-100.355351 19.02956
-100.357945 19.035181
-100.361348 19.040822
-100.363249 19.04533
-100.364445 19.050969
-100.366346 19.05548
-100.367048 19.06113
-100.366146 19.07017
-100.369946 19.075799
-100.372846 19.0803
-100.376646 19.085929
-100.379247 19.091568
-100.381451 19.096068
-100.359548 19.141397
-100.316647 19.217353
-100.293751 19.260413
-100.311444 19.291109
-100.315349 19.29534
-100.318845 19.299839
-100.321249 19.303218
-100.324849 19.309977
-100.328253 19.314479
-100.331051 19.318988
-100.333446 19.325759
-100.335851 19.330268
-100.33775 19.334778
-100.339452 19.340418
-100.342146 19.344926
-100.33585 19.348347
-100.328947 19.350647
-100.322752 19.351806
-100.315144 19.354117
-100.310148 19.356397
-100.30035 19.362097
-100.292643 19.363267
-100.284047 19.365577
-100.275044 19.367876
-100.266848 19.371306
-100.258045 19.373606
-100.250148 19.377046
-100.245348 19.379325
-100.237948 19.380494
-100.232942 19.382764
-100.228449 19.385056
-100.223443 19.390735
-100.219844 19.396405
-100.221949 19.402034
-100.222444 19.407696
-100.222445 19.415603
-100.221949 19.421254
-100.221248 19.431434
-100.220545 19.438222
-100.221544 19.443862
-100.221742 19.449523
-100.222247 19.457433
-100.222742 19.463082
-100.222742 19.469862
-100.224344 19.476642
-100.225542 19.485682
-100.226345 19.493581
-100.225343 19.5015
-100.224643 19.508288
-100.224344 19.51507
-100.223644 19.521869
-100.222743 19.527518
-100.220544 19.534309
-100.225344 19.537679
-100.227443 19.54219
-100.227748 19.551237
-100.22755 19.556887
-100.224643 19.565947
-100.222444 19.571608
-100.220049 19.577278
-100.217647 19.581808
-100.216043 19.586336
-100.213343 19.594256
-100.211444 19.601056
-100.209542 19.607846
-100.207445 19.613515
-100.205446 19.619175
-100.204041 19.624834
-100.201945 19.632753
-100.201142 19.639543
-100.199045 19.647464
-100.197145 19.653124
-100.194444 19.658795
-100.191644 19.668982
-100.189248 19.675771
-100.187342 19.682571
-100.184442 19.690491
-100.182947 19.697282
-100.181047 19.704082
-100.178446 19.710871
-100.177041 19.71767
-100.170045 19.729008
-100.170243 19.735791
-100.168145 19.74145
-100.165246 19.748238
-100.162842 19.751649
-100.158045 19.758448
-100.154946 19.762978
-100.151345 19.768658
-100.148248 19.773187
-100.143243 19.779989
-100.140045 19.784527
-100.137642 19.789066
-100.135042 19.793598
-100.131645 19.799267
-100.128045 19.804926
-100.123542 19.810606
-100.119447 19.815147
-100.116547 19.819677
-100.113944 19.823085
-100.110344 19.827615
-100.107446 19.832157
-100.10504 19.836686
-100.101744 19.844615
-100.101441 19.853656
-100.101647 19.862706
-100.102843 19.869483
-100.103339 19.875144
-100.105546 19.886444
-100.108841 19.897733
-100.111946 19.903383
-100.117944 19.913532
-100.120347 19.920313
-100.121543 19.925971
-100.124147 19.929342
-100.127542 19.934991
-100.129243 19.939511
-100.130646 19.944022
-100.131844 19.948541
-100.133347 19.958069
-100.139848 19.96947
-100.147744 19.98315
-100.153345 19.994539
-100.157945 20.003648
-100.160144 20.017258
-100.159846 20.028567
-100.161647 20.039906
-100.163347 20.051256
-100.16595 20.062596
-100.168147 20.073947
-100.16595 20.092024
