-101.448984 21.839625
-101.438082 21.828507
-101.419381 21.822359
-101.395882 21.824347
-101.37738 21.824118
-101.356383 21.828398
-101.338278 21.830447
-101.32128 21.830228
-101.305181 21.830038
-101.288579 21.824518
-101.286481 21.817757
-101.281576 21.811038
-101.272679 21.806669
-101.266675 21.795449
-101.259281 21.78653
-101.254277 21.779821
-101.249279 21.773111
-101.240978 21.76873
-101.231075 21.762109
-101.219874 21.75778
-101.203677 21.751261
-101.193873 21.74691
-101.176874 21.744941
-101.161676 21.742951
-101.144174 21.738722
-101.128572 21.736721
-101.114372 21.734702
-101.103271 21.737163
-101.08287 21.737503
-101.07067 21.737711
-101.059569 21.74016
-101.042471 21.740452
-101.029876 21.738392
-101.012274 21.734152
-100.990271 21.729983
-100.966375 21.721313
-100.948269 21.712544
-100.931567 21.703743
-100.917872 21.697164
-100.905969 21.688434
-100.898767 21.683783
-100.892672 21.676896
-100.884469 21.669963
-100.875971 21.652516
-100.867068 21.643597
-100.855768 21.634716
-100.84697 21.628056
-100.836167 21.621426
-100.825965 21.617057
-100.815665 21.610409
-100.806762 21.601489
-100.793564 21.594889
-100.781769 21.586008
-100.769462 21.574869
-100.756261 21.568269
-100.742063 21.554891
-100.73026 21.548272
-100.717563 21.534861
-100.704762 21.523731
-100.693066 21.519373
-100.68526 21.514952
-100.674061 21.512843
-100.663363 21.510733
-100.65266 21.508622
-100.636058 21.499792
-100.621859 21.495463
-100.609262 21.493373
-100.591256 21.493633
-100.576256 21.491564
-100.558762 21.491804
-100.53736 21.489825
-100.52236 21.492294
-100.511755 21.496975
-100.496756 21.506222
-100.492056 21.515354
-100.48686 21.535791
-100.483656 21.551693
-100.477561 21.5699
-100.473356 21.58807
-100.466757 21.604007
-100.461553 21.617667
-100.446652 21.633718
-100.427259 21.645286
-100.400157 21.652426
-100.377857 21.654967
-100.352556 21.653007
-100.336955 21.650937
-100.325251 21.648817
-100.305749 21.646838
-100.290652 21.640169
-100.280954 21.638016
-100.268249 21.633637
-100.254654 21.631529
-100.236153 21.627208
-100.223548 21.627348
-100.20455 21.62757
-100.189047 21.627748
-100.17935 21.625587
-100.169149 21.627968
-100.160246 21.61674
-100.149549 21.612328
-100.142246 21.605609
-100.136349 21.59662
-100.128445 21.58764
-100.121647 21.580922
-100.111348 21.57424
-100.099751 21.569831
-100.088047 21.563161
-100.070445 21.558813
-100.060749 21.554391
-100.053943 21.547663
-100.043643 21.540981
-100.034342 21.532013
-100.026544 21.525292
-100.016344 21.520874
-100.008042 21.514163
-99.998262 21.505202
-99.989006 21.500754
-99.976831 21.494084
-99.965653 21.491934
-99.949119 21.487564
-99.943258 21.480823
-99.926734 21.476455
-99.915563 21.474296
-99.903402 21.469887
-99.892218 21.467716
-99.881048 21.465556
-99.869398 21.463407
-99.855793 21.458987
-99.843616 21.452307
-99.833394 21.445607
-99.821217 21.436656
-99.81148 21.429948
-99.805628 21.423218
-99.786212 21.421108
-99.79044 21.393909
-99.792818 21.384818
-99.795657 21.37122
-99.7922 21.35993
-99.788271 21.348631
-99.788667 21.332781
-99.786663 21.319223
-99.784625 21.301113
-99.782144 21.292083
-99.778215 21.280795
-99.77044 21.274073
-99.762178 21.269615
-99.73649 21.267564
-99.724878 21.269924
-99.709367 21.267785
-99.695365 21.265635
-99.688086 21.263426
-99.682265 21.258936
-99.676902 21.252176
-99.673514 21.247675
-99.673492 21.240884
-99.675414 21.236346
-99.679275 21.231786
-99.682182 21.229506
-99.686042 21.227217
-99.688942 21.224937
-99.695229 21.224887
-99.700553 21.222587
-99.703933 21.220297
-99.708778 21.217996
-99.717453 21.213416
-99.725205 21.208837
-99.731004 21.206528
-99.74067 21.201927
-99.748879 21.195078
-99.756119 21.192769
-99.760956 21.188209
-99.764819 21.185917
-99.770128 21.183608
-99.775461 21.181308
-99.777865 21.179018
-99.781724 21.176728
-99.786059 21.172167
-99.791361 21.167609
-99.798601 21.160758
-99.808741 21.156157
-99.819859 21.151538
-99.833866 21.146901
-99.843059 21.144569
-99.859028 21.14444
-99.871136 21.14887
-99.887639 21.15779
-99.899761 21.162219
-99.910932 21.168918
-99.921119 21.173358
-99.929366 21.177819
-99.941001 21.179988
-99.949712 21.179908
-99.958435 21.182096
-99.970534 21.181987
-99.981193 21.181899
-99.991807 21.176848
-99.998711 21.170137
-100.002243 21.161129
-100.00634 21.152108
-100.009446 21.143099
-100.014047 21.13183
-100.017647 21.122809
-100.020242 21.11378
-100.024347 21.100251
-100.028344 21.091242
-100.035843 21.082283
-100.046144 21.073352
-100.051644 21.064373
-100.056147 21.057632
-100.061647 21.050903
-100.062342 21.039584
-100.064943 21.030563
-100.067545 21.021536
-100.071047 21.012514
-100.074145 21.003495
-100.077744 20.994487
-100.080347 20.985456
-100.081545 20.971876
-100.081347 20.958278
-100.080148 20.944669
-100.080348 20.933348
-100.083443 20.924329
-100.089448 20.913079
-100.098346 20.906399
-100.113848 20.904339
-100.128748 20.904518
-100.145244 20.904729
-100.160647 20.907188
-100.17555 20.911899
-100.189549 20.914349
-100.199651 20.916728
-100.211148 20.921397
-100.226148 20.923848
-100.23715 20.926248
-100.247251 20.928628
-100.25695 20.931009
-100.271048 20.924379
-100.283249 20.917728
-100.292054 20.913308
-100.301352 20.906619
-100.314048 20.899968
-100.326654 20.89558
-100.337952 20.888908
-100.349153 20.882239
-100.35985 20.877829
-100.372554 20.87344
-100.383149 20.8713
-100.396654 20.873709
-100.406351 20.876081
-100.418756 20.880739
-100.431751 20.887678
-100.440357 20.8923
-100.449954 20.899198
-100.457555 20.903809
-100.472156 20.901699
-100.479459 20.89724
-100.485851 20.890508
-100.490857 20.881499
-100.497257 20.874769
-100.502156 20.868029
-100.507055 20.861279
-100.514456 20.852291
-100.523359 20.841053
-100.532256 20.832082
-100.54016 20.820843
-100.547561 20.811853
-100.551558 20.802835
-100.554159 20.791533
-100.558654 20.782513
-100.563154 20.768975
-100.566756 20.759944
-100.568458 20.744105
-100.568655 20.730515
-100.568854 20.719196
-100.571958 20.705638
-100.575958 20.696607
-100.580458 20.687598
-100.578153 20.676249
-100.573455 20.669408
-100.56626 20.664808
-100.56356 20.655718
-100.561254 20.646639
-100.556555 20.6398
-100.546559 20.632909
-100.538954 20.62604
-100.528959 20.614612
-100.517955 20.6077
-100.508457 20.603081
-100.499851 20.596203
-100.493756 20.587081
-100.489055 20.575712
-100.492154 20.566672
-100.497051 20.557664
-100.502057 20.548664
-100.505559 20.539635
-100.506252 20.528324
-100.504955 20.516985
-100.502759 20.507905
-100.500453 20.498826
-100.497753 20.489736
-100.494054 20.478367
-100.489957 20.464749
-100.485752 20.455649
-100.481655 20.444289
-100.476954 20.435168
-100.47275 20.423798
-100.469553 20.414708
-100.461154 20.401051
-100.454051 20.391912
-100.447955 20.38505
-100.442256 20.37819
-100.433251 20.371323
-100.423655 20.364413
-100.415551 20.359804
-100.409951 20.352941
-100.400453 20.343784
-100.395753 20.336944
-100.388748 20.323285
-100.384652 20.311924
-100.382951 20.300575
-100.379249 20.291476
-100.37365 20.280106
-100.365547 20.273217
-100.358947 20.266347
-100.351853 20.261746
-100.343749 20.252598
-100.338652 20.245746
-100.332153 20.229828
-100.332847 20.218508
-100.335449 20.20496
-100.337653 20.18914
-100.336447 20.175539
-100.339049 20.164242
-100.342148 20.155231
-100.353851 20.146301
-100.359252 20.137301
-100.364655 20.130572
-100.377754 20.126193
-100.386452 20.119492
-100.384254 20.110413
-100.379151 20.101303
-100.376952 20.089964
-100.376549 20.080904
-100.372948 20.069546
-100.37085 20.053666
-100.368653 20.042327
-100.365446 20.030976
-100.363151 20.021896
-100.363349 20.010588
-100.370749 20.001608
-100.380446 19.994929
-100.390648 19.988249
-100.401849 19.981579
-100.413454 19.974918
-100.424149 19.970498
-100.434755 19.96608
-100.448153 19.966229
-100.464053 19.966389
-100.477954 19.964269
-100.49055 19.96214
-100.507358 19.95778
-100.518954 19.95563
-100.53435 19.95352
-100.545452 19.95136
-100.553653 19.946919
-100.56616 19.942519
-100.577756 19.9381
-100.590352 19.929171
-100.612555 19.924849
-100.627958 19.924992
-100.638556 19.920562
-100.650161 19.916142
-100.66606 19.911761
-100.683761 19.911921
-100.697259 19.912042
-100.712059 19.91217
-100.724656 19.910011
-100.743258 19.912441
-100.756257 19.910291
-100.772159 19.910421
-100.794765 19.90835
-100.802462 19.903883
-100.812563 19.901703
-100.823162 19.899521
-100.836559 19.89962
-100.857761 19.899793
-100.870664 19.897632
-100.885961 19.902271
-100.898764 19.91368
-100.91306 19.92511
-100.923467 19.93424
-100.928169 19.94333
-100.933263 19.954688
-100.933165 19.966008
-100.936765 19.981877
-100.937568 19.993197
-100.940864 20.002276
-100.947868 20.013646
-100.954063 20.022746
-100.962966 20.034126
-100.970566 20.043237
-100.980164 20.047834
-100.993064 20.052456
-101.008371 20.054823
-101.02617 20.054934
-101.043971 20.052794
-101.056467 20.052875
-101.068071 20.050684
-101.07957 20.048493
-101.090671 20.046295
-101.099872 20.041835
-101.116672 20.039674
-101.13107 20.039755
-101.145574 20.039844
-101.155171 20.037636
-101.165769 20.033175
-101.176374 20.030967
-101.188871 20.026503
-101.199469 20.024296
-101.212073 20.022104
-101.221671 20.017637
-101.232772 20.013165
-101.244377 20.010966
-101.259277 20.011037
-101.277977 20.008876
-101.285676 20.004376
-101.296273 20.002165
-101.312172 20.002245
-101.320375 20.002287
-101.337175 20.002366
-101.350573 20.004685
-101.364473 20.007015
-101.372577 20.011586
-101.382678 20.013885
-101.392177 20.020725
-101.400378 20.025286
-101.405079 20.032095
-101.415478 20.045723
-101.421681 20.057063
-101.428776 20.063892
-101.437276 20.082033
-101.44048 20.102422
-101.438778 20.125061
-101.438176 20.13637
-101.431881 20.149939
-101.426877 20.163498
-101.426778 20.179349
-101.428074 20.190677
-101.430776 20.208805
-101.434575 20.220136
-101.439779 20.226946
-101.444982 20.236024
-101.450177 20.245106
-101.452482 20.256444
-101.454778 20.267776
-101.455183 20.279094
-101.453077 20.292672
-101.45828 20.301743
-101.462682 20.301772
-101.471281 20.306332
-101.482878 20.304111
-101.49018 20.295084
-101.495978 20.288311
-101.502677 20.295123
-101.512779 20.299683
-101.522384 20.295191
-101.532478 20.299752
-101.529983 20.308803
-101.54258 20.306581
-101.554581 20.306621
-101.565179 20.302131
-101.57248 20.297623
-101.579682 20.302172
-101.58928 20.306732
-101.590279 20.295402
-101.596185 20.286373
-101.60428 20.290924
-101.619684 20.290963
-101.629382 20.286462
-101.632388 20.277424
-101.636286 20.268373
-101.632982 20.259304
-101.627283 20.250225
-101.620082 20.245675
-101.617784 20.236616
-101.616885 20.225286
-101.623186 20.218515
-101.627986 20.225316
-101.631281 20.234387
-101.637881 20.241194
-101.645182 20.236684
-101.651988 20.227646
-101.655886 20.218595
-101.663188 20.214084
-101.670482 20.205056
-101.671481 20.193726
-101.684482 20.193767
-101.693187 20.186987
-101.697086 20.177937
-101.701985 20.171158
-101.713483 20.173447
-101.723584 20.178008
-101.729787 20.187066
-101.741788 20.184827
-101.749989 20.180316
-101.761587 20.182608
-101.774084 20.182627
-101.784087 20.184906
-101.791785 20.191717
-101.80049 20.187207
-101.813491 20.182687
-101.82309 20.180446
-101.826888 20.189497
-101.837989 20.191787
-101.845192 20.196317
-101.853387 20.191805
-101.861588 20.185015
-101.872193 20.180506
-101.883287 20.178246
-101.886193 20.169197
-101.897287 20.171479
-101.908288 20.173748
-101.91939 20.171497
-101.916994 20.180547
-101.921694 20.187338
-101.936595 20.189625
-101.939989 20.198685
-101.944194 20.207747
-101.941791 20.216795
-101.944094 20.228123
-101.950289 20.239444
-101.944896 20.253034
-101.949191 20.262094
-101.954395 20.275684
-101.963092 20.280222
-101.956294 20.291541
-101.963489 20.296073
-101.956195 20.300603
-101.953296 20.309661
-101.956592 20.318721
-101.96429 20.32325
-101.976795 20.325531
-101.98399 20.332319
-101.991696 20.336861
-101.998395 20.343648
-102.011395 20.34592
-102.022894 20.348181
-102.034498 20.345921
-102.050397 20.345921
-102.067198 20.34819
-102.077399 20.345921
-102.092796 20.345919
-102.106696 20.345907
-102.119698 20.348169
-102.133698 20.348158
-102.128395 20.355399
-102.123398 20.3621
-102.115494 20.371027
-102.108597 20.377698
-102.101096 20.386626
-102.096596 20.395605
-102.092399 20.406866
-102.087799 20.418105
-102.081199 20.431576
-102.074095 20.445045
-102.067199 20.451714
-102.060195 20.462913
-102.053298 20.469595
-101.995191 20.518384
-101.991994 20.527471
-101.986898 20.534121
-101.979496 20.540701
-101.974797 20.549631
-101.969196 20.556272
-101.96249 20.569669
-101.960095 20.580931
-101.961193 20.592278
-101.963192 20.601398
-101.96629 20.610557
-101.969792 20.619708
-101.974797 20.628917
-101.980793 20.635875
-101.992093 20.642996
-102.004994 20.647886
-102.012495 20.652624
-102.021895 20.659676
-102.032599 20.671305
-102.041495 20.678355
-102.0513 20.687686
-102.056396 20.694623
-102.060897 20.701533
-102.067398 20.710783
-102.076194 20.720092
-102.082794 20.738392
-102.084099 20.756552
-102.080299 20.767781
-102.075196 20.773501
-102.068695 20.782451
-102.063599 20.791432
-102.057594 20.80039
-102.050995 20.811589
-102.046996 20.82058
-102.041892 20.82729
-102.034499 20.836218
-102.030296 20.847477
-102.028098 20.859216
-102.022994 20.868137
-102.015395 20.876988
-102.007795 20.888106
-101.999998 20.901485
-101.995298 20.910415
-101.990194 20.919323
-101.982092 20.928163
-101.973493 20.939253
-101.965894 20.948104
-101.959791 20.954723
-101.953297 20.961344
-101.947697 20.967972
-101.938092 20.979044
-101.932591 20.985674
-101.926892 20.994571
-101.920392 21.00118
-101.915295 21.007841
-101.908291 21.014439
-101.899196 21.023241
-101.888095 21.03425
-101.878588 21.043039
-101.870494 21.051867
-101.864993 21.058497
-101.85979 21.067427
-101.850588 21.080747
-101.844294 21.091898
-101.842089 21.098377
-101.840495 21.102996
-101.836694 21.111337
-101.825288 21.125166
-101.81209 21.141296
-101.80359 21.155075
-101.79699 21.164263
-101.790887 21.175714
-101.78769 21.182574
-101.785393 21.189424
-101.777887 21.203172
-101.771287 21.212363
-101.763191 21.223852
-101.755592 21.233061
-101.748986 21.240001
-101.737488 21.249292
-101.726989 21.256292
-101.717888 21.263279
-101.707389 21.272551
-101.697387 21.281808
-101.691192 21.28646
-101.684989 21.29112
-101.67349 21.300409
-101.664388 21.309649
-101.65869 21.312019
-101.653387 21.314398
-101.648985 21.314479
-101.646589 21.316787
-101.64179 21.319147
-101.63989 21.321447
-101.637486 21.323769
-101.632985 21.326168
-101.630689 21.330738
-101.632184 21.335247
-101.634183 21.339728
-101.63619 21.341956
-101.638784 21.348707
-101.640386 21.355467
-101.640989 21.364515
-101.639684 21.371346
-101.639287 21.378135
-101.63709 21.387245
-101.636686 21.391786
-101.637288 21.398576
-101.638388 21.405355
-101.63899 21.409864
-101.638684 21.418934
-101.637289 21.425764
-101.635488 21.432593
-101.635587 21.439384
-101.634886 21.450731
-101.633589 21.459821
-101.633184 21.464362
-101.634786 21.471122
-101.636885 21.480141
-101.640386 21.486861
-101.641989 21.491373
-101.643591 21.498131
-101.646589 21.5026
-101.649588 21.50707
-101.651991 21.509281
-101.654486 21.511499
-101.657889 21.513691
-101.659888 21.51591
-101.660491 21.52044
-101.657691 21.52729
-101.650084 21.53425
-101.63909 21.54354
-101.627584 21.55284
-101.617986 21.559828
-101.607983 21.571358
-101.601384 21.582828
-101.596783 21.594247
-101.591688 21.605685
-101.587483 21.617096
-101.584286 21.628486
-101.58109 21.639886
-101.576588 21.655834
-101.572583 21.676303
-101.572888 21.692164
-101.575887 21.701163
-101.581487 21.712392
-101.587086 21.72586
-101.583989 21.739521
-101.572583 21.755611
-101.559186 21.769481
-101.550587 21.776449
-101.537182 21.790308
-101.514584 21.806619
-101.501681 21.815938
-101.485782 21.825318
-101.472682 21.830098
-101.457682 21.834918
-101.448984 21.839625
