-100.472053 18.858269
-100.474548 18.848368
-100.475951 18.82577
-100.47065 18.805481
-100.46595 18.798742
-100.460647 18.78747
-100.453452 18.776231
-100.449653 18.767223
-100.446852 18.758213
-100.442053 18.749203
-100.439146 18.740195
-100.43675 18.731164
-100.434346 18.715385
-100.433347 18.697315
-100.430952 18.683786
-100.429953 18.672507
-100.428549 18.661218
-100.425246 18.647699
-100.42275 18.6319
-100.420851 18.61611
-100.419851 18.60256
-100.418446 18.59129
-100.418447 18.579992
-100.416449 18.559681
-100.263542 18.40255
-100.251642 18.407119
-100.212744 18.434408
-100.083637 18.523023
-100.077542 18.545622
-100.071743 18.574991
-100.06364 18.597611
-99.994218 18.610559
-99.98958 18.61143
-99.925927 18.622919
-99.910232 18.627479
-99.899787 18.629771
-99.887428 18.634309
-99.872214 18.636618
-99.859878 18.636649
-99.849416 18.638928
-99.838956 18.64347
-99.821843 18.645769
-99.809964 18.64805
-99.799505 18.650339
-99.785251 18.652619
-99.772899 18.654899
-99.765286 18.659437
-99.759548 18.666218
-99.753818 18.677519
-99.751423 18.686556
-99.749484 18.697846
-99.739482 18.704637
-99.729968 18.706918
-99.716189 18.706936
-99.704767 18.709207
-99.694773 18.715996
-99.689989 18.725037
-99.682833 18.731814
-99.676629 18.738595
-99.669481 18.743124
-99.661385 18.747655
-99.648049 18.754445
-99.637086 18.758966
-99.622841 18.758984
-99.606681 18.758995
-99.594314 18.756754
-99.582932 18.752246
-99.570586 18.749994
-99.562049 18.745485
-99.54972 18.740967
-99.542135 18.734204
-99.536467 18.727437
-99.530813 18.716147
-99.524199 18.709377
-99.517094 18.702608
-99.512372 18.695826
-99.507673 18.686808
-99.503447 18.677769
-99.500166 18.668738
-99.500218 18.657459
-99.495992 18.646161
-99.494152 18.634871
-99.493267 18.623579
-99.492399 18.607782
-99.487699 18.598751
-99.482021 18.591982
-99.465884 18.589731
-99.456851 18.594243
-99.447323 18.598752
-99.435419 18.605522
-99.427324 18.61003
-99.418803 18.605512
-99.41791 18.594233
-99.420823 18.582941
-99.426096 18.573914
-99.426645 18.562633
-99.420992 18.553605
-99.416271 18.546825
-99.406831 18.540044
-99.399271 18.533276
-99.389833 18.524235
-99.384172 18.517466
-99.374268 18.506176
-99.368639 18.494889
-99.364914 18.485847
-99.359735 18.479079
-99.353609 18.470047
-99.344652 18.463269
-99.337081 18.45875
-99.328103 18.454219
-99.316285 18.449698
-99.301567 18.449681
-99.292082 18.451929
-99.274542 18.449659
-99.253186 18.451879
-99.242285 18.449609
-99.232266 18.45862
-99.23074 18.474409
-99.233465 18.492468
-99.235762 18.503765
-99.23519 18.517296
-99.230849 18.526326
-99.22559 18.533084
-99.217487 18.537586
-99.20371 18.539824
-99.192806 18.537546
-99.183352 18.533015
-99.175816 18.526226
-99.168765 18.517186
-99.155505 18.512636
-99.150836 18.503605
-99.155192 18.490077
-99.162364 18.483306
-99.159587 18.474278
-99.152033 18.469758
-99.143054 18.465219
-99.133609 18.46069
-99.128917 18.453898
-99.126155 18.442609
-99.121485 18.433582
-99.117778 18.422279
-99.11213 18.41549
-99.104593 18.410971
-99.09945 18.401923
-99.094751 18.395151
-99.087671 18.390623
-99.076866 18.381553
-99.071222 18.374782
-99.065635 18.363474
-99.058106 18.356684
-99.055824 18.345395
-99.055443 18.334125
-99.056001 18.322836
-99.05371 18.313805
-99.050964 18.302516
-99.048676 18.293488
-99.04734 18.282198
-99.048394 18.268667
-99.043267 18.259628
-99.032881 18.255089
-99.022026 18.252797
-99.004516 18.250487
-98.993179 18.245939
-98.985189 18.23914
-98.980542 18.230109
-98.972654 18.212029
-98.964704 18.200722
-98.949102 18.198411
-98.934406 18.200621
-98.921131 18.202831
-98.910282 18.200541
-98.900401 18.193732
-98.896739 18.180182
-98.89596 18.162133
-98.896525 18.150852
-98.894276 18.139573
-98.892505 18.126035
-98.887859 18.116986
-98.880831 18.110186
-98.878131 18.101296
-98.86432 18.105616
-98.850581 18.107816
-98.836825 18.112274
-98.826395 18.114485
-98.816887 18.118955
-98.800759 18.123394
-98.786994 18.127844
-98.779473 18.123295
-98.771028 18.116496
-98.764953 18.109705
-98.767883 18.100696
-98.770806 18.091676
-98.777495 18.084947
-98.782776 18.078207
-98.793235 18.071488
-98.799928 18.064748
-98.793022 18.057568
-98.787971 18.050718
-98.777199 18.046037
-98.769302 18.039148
-98.754271 18.034399
-98.744873 18.031988
-98.734046 18.029559
-98.721801 18.027109
-98.709098 18.02465
-98.70078 18.015489
-98.690496 18.01081
-98.68549 18.001701
-98.67861 17.992562
-98.66647 17.985591
-98.656339 17.974151
-98.650822 17.967283
-98.645412 17.955912
-98.640011 17.944543
-98.628773 17.939843
-98.618434 17.937413
-98.607502 17.939494
-98.592281 17.943753
-98.579882 17.948052
-98.568019 17.950103
-98.557512 17.954443
-98.547533 17.956522
-98.536088 17.960842
-98.522806 17.962872
-98.511506 17.960413
-98.503366 17.964793
-98.493401 17.966873
-98.484048 17.962202
-98.474754 17.955264
-98.467369 17.948364
-98.462806 17.941514
-98.454467 17.934594
-98.44371 17.929893
-98.433485 17.922945
-98.42002 17.913675
-98.410796 17.904485
-98.406767 17.895385
-98.402372 17.881765
-98.400258 17.872706
-98.3954 17.859077
-98.393308 17.847757
-98.389874 17.834158
-98.385387 17.825058
-98.383244 17.816
-98.382588 17.804701
-98.383931 17.788931
-98.386686 17.773191
-98.389746 17.764221
-98.393742 17.755262
-98.396322 17.746303
-98.399037 17.732812
-98.401662 17.721573
-98.402897 17.710324
-98.404593 17.699074
-98.408239 17.685616
-98.411284 17.676646
-98.417691 17.665485
-98.420332 17.654247
-98.418722 17.642937
-98.416769 17.627118
-98.409131 17.6112
-98.403707 17.602079
-98.395977 17.59066
-98.388135 17.58375
-98.381184 17.579111
-98.373814 17.572211
-98.365032 17.565292
-98.358135 17.558401
-98.353596 17.551552
-98.349116 17.542452
-98.346576 17.531123
-98.343974 17.522064
-98.341075 17.506225
-98.338954 17.497165
-98.337885 17.483616
-98.337765 17.470085
-98.335619 17.461016
-98.333095 17.449707
-98.328143 17.440588
-98.323146 17.433737
-98.31914 17.424647
-98.31676 17.406568
-98.314234 17.395248
-98.313173 17.381699
-98.313104 17.365911
-98.308214 17.354561
-98.305635 17.345482
-98.304033 17.334192
-98.304789 17.322933
-98.308314 17.313982
-98.314829 17.298323
-98.319293 17.289393
-98.324289 17.278203
-98.325098 17.264706
-98.32445 17.253427
-98.32896 17.242246
-98.318743 17.237547
-98.311335 17.232896
-98.303462 17.228246
-98.290947 17.221238
-98.278429 17.214248
-98.26075 17.207149
-98.245301 17.204608
-98.233788 17.195368
-98.224738 17.181679
-98.217986 17.170279
-98.209891 17.1566
-98.20179 17.142931
-98.194991 17.133783
-98.18724 17.124622
-98.180846 17.117732
-98.17204 17.113052
-98.161473 17.103833
-98.154554 17.099192
-98.144468 17.089973
-98.135327 17.080793
-98.126644 17.071603
-98.112804 17.062315
-98.102665 17.055355
-98.092517 17.048396
-98.082316 17.043686
-98.073177 17.034487
-98.068676 17.027635
-98.060466 17.018456
-98.055736 17.002588
-98.050487 16.988968
-98.049906 16.97544
-98.053096 16.96199
-98.056224 16.95079
-98.060749 16.93961
-98.068568 16.928512
-98.076969 16.912912
-98.081493 16.901741
-98.081798 16.890492
-98.082224 16.874732
-98.084117 16.856755
-98.082148 16.843206
-98.077419 16.827344
-98.073221 16.809247
-98.069552 16.788898
-98.06759 16.775347
-98.065028 16.766288
-98.062998 16.754989
-98.063295 16.74374
-98.068637 16.73709
-98.075366 16.730469
-98.084917 16.72391
-98.098734 16.715172
-98.10735 16.708592
-98.119825 16.697592
-98.128429 16.691002
-98.139034 16.679952
-98.14723 16.671113
-98.152806 16.655464
-98.155439 16.644265
-98.157674 16.630794
-98.156637 16.617266
-98.158575 16.597047
-98.162679 16.583617
-98.167646 16.572468
-98.174849 16.565848
-98.183964 16.557017
-98.19496 16.548238
-98.204908 16.543919
-98.220451 16.539719
-98.232612 16.539959
-98.245299 16.537948
-98.256171 16.533649
-98.271844 16.52494
-98.283173 16.520659
-98.295502 16.51413
-98.319941 16.511821
-98.329805 16.51382
-98.338785 16.5181
-98.351465 16.52003
-98.362161 16.51751
-98.369495 16.510581
-98.376361 16.50366
-98.378305 16.4969
-98.377315 16.483382
-98.374498 16.479092
-98.371423 16.474591
-98.365474 16.465902
-98.363856 16.460582
-98.361482 16.454803
-98.356813 16.443403
-98.361285 16.434295
-98.368701 16.411965
-98.37833 16.400875
-98.389315 16.392075
-98.397929 16.383225
-98.41077 16.374466
-98.426517 16.361247
-98.439877 16.350228
-98.450366 16.341407
-98.459981 16.330339
-98.46809 16.323729
-98.507375 16.257871
-98.559731 16.274591
-98.575409 16.307309
-98.570357 16.307229
-98.665659 16.405655
-98.764401 16.541978
-98.797377 16.551678
-98.918908 16.533399
-98.915033 16.529539
-98.966798 16.558967
-99.070951 16.578767
-99.101066 16.594305
-99.100927 16.604054
-99.05933 16.606225
-99.066938 16.625285
-99.122382 16.636813
-99.186746 16.612165
-99.268367 16.642373
-99.38774 16.666471
-99.422606 16.663051
-99.474853 16.663591
-99.564472 16.689949
-99.631375 16.686779
-99.691289 16.708978
-99.758279 16.759936
-99.821512 16.794024
-99.855249 16.794284
-99.851184 16.811054
-99.87373 16.804185
-99.888325 16.809164
-99.876773 16.844843
-99.896962 16.852572
-99.922962 16.837042
-99.922986 16.834341
-100.022233 16.965056
-100.057038 16.968527
-100.057138 16.958237
-100.037033 16.939688
-100.011237 16.927587
-100.007439 16.89994
-100.195537 16.976935
-100.206738 16.994863
-100.167844 16.990864
-100.16164 16.998415
-100.17564 17.009334
-100.182941 17.003414
-100.198141 17.005665
-100.21784 17.005764
-100.343644 17.083321
-100.356043 17.083379
-100.367447 17.071511
-100.276343 17.025033
-100.273039 17.013083
-100.292739 17.009933
-100.363542 17.054692
-100.491246 17.09366
-100.618552 17.139567
-100.719257 17.199964
-100.734553 17.197275
-100.723254 17.182076
-100.686152 17.149477
-100.723354 17.156606
-100.877157 17.235942
-101.017061 17.26961
-101.043658 17.265269
-101.06226 17.27719
-101.069561 17.302129
-101.102362 17.349277
-101.141363 17.361176
-101.218766 17.439172
-101.291767 17.493269
-101.329166 17.501338
-101.333073 17.47855
-101.344372 17.47852
-101.460876 17.528648
-101.460975 17.543296
-101.419669 17.536358
-101.479775 17.591516
-101.517777 17.623924
-101.536478 17.627121
-101.547778 17.609175
-101.611881 17.655582
-101.622181 17.68212
-101.64198 17.69181
-101.64098 17.702659
-101.77768 17.859373
-101.809084 17.89285
-101.993384 17.983465
-102.081292 17.982856
-102.133792 17.953707
-102.141795 17.964496
-102.206295 18.014474
-102.16029 18.138047
-102.156993 18.141667
-102.154796 18.144377
-102.152789 18.148897
-102.149791 18.150708
-102.144596 18.154319
-102.14049 18.156128
-102.135196 18.155216
-102.130793 18.156128
-102.124492 18.157017
-102.119593 18.157927
-102.114291 18.157917
-102.109888 18.158817
-102.105188 18.159727
-102.10039 18.161527
-102.09279 18.160618
-102.086588 18.160618
-102.07969 18.160618
-102.073793 18.161507
-102.069092 18.163317
-102.06379 18.165117
-102.058289 18.166018
-102.053086 18.168716
-102.049287 18.171436
-102.044586 18.175037
-102.038689 18.175937
-102.032989 18.177736
-102.027886 18.175925
-102.021789 18.175016
-102.016288 18.175007
-102.00869 18.175006
-102.00489 18.177708
-101.99919 18.180417
-101.99459 18.182216
-101.99079 18.185827
-101.987685 18.187627
-101.985388 18.191247
-101.984092 18.199375
-101.979689 18.203886
-101.974486 18.202974
-101.969191 18.202965
-101.963591 18.202956
-101.95609 18.202946
-101.950285 18.203847
-101.94399 18.204735
-101.938788 18.209246
-101.934484 18.211044
-101.930288 18.213745
-101.926984 18.216455
-101.921086 18.220066
-101.917989 18.223674
-101.914983 18.228184
-101.912984 18.232694
-101.91229 18.237214
-101.911687 18.241744
-101.910489 18.245344
-101.907788 18.249863
-101.902089 18.250753
-101.896984 18.248034
-101.891087 18.247124
-101.884083 18.244392
-101.879383 18.243483
-101.876087 18.246184
-101.877789 18.254324
-101.874188 18.256122
-101.872188 18.259733
-101.873089 18.264263
-101.875187 18.266973
-101.875889 18.271502
-101.876088 18.276923
-101.876187 18.282342
-101.875584 18.287762
-101.871289 18.288662
-101.870983 18.294081
-101.871387 18.299511
-101.872684 18.304031
-101.873783 18.30765
-101.875088 18.312171
-101.876683 18.316701
-101.877583 18.322131
-101.879086 18.326649
-101.880383 18.332979
-101.881283 18.3366
-101.882184 18.34202
-101.884884 18.347449
-101.88799 18.35379
-101.888584 18.35832
-101.888486 18.364638
-101.888486 18.372778
-101.886686 18.382717
-101.884884 18.390857
-101.882588 18.398986
-101.878689 18.408016
-101.878986 18.412546
-101.880886 18.416155
-101.883283 18.422495
-101.884389 18.427016
-101.884984 18.431545
-101.884884 18.436965
-101.886388 18.440586
-101.889188 18.445115
-101.893384 18.450545
-101.897084 18.456884
-101.900083 18.461415
-101.900083 18.468654
-101.89829 18.474974
-101.894085 18.481303
-101.890584 18.486712
-101.887685 18.493943
-101.885388 18.499362
-101.883489 18.502982
-101.880788 18.508401
-101.878286 18.512912
-101.876187 18.51653
-101.873784 18.522852
-101.872487 18.526471
-101.870885 18.530083
-101.868985 18.536409
-101.855488 18.543791
-101.843685 18.55075
-101.828487 18.555509
-101.816287 18.562477
-101.808185 18.567119
-101.797381 18.5718
-101.780284 18.572068
-101.760286 18.57463
-101.743684 18.574879
-101.733781 18.57955
-101.722779 18.577448
-101.72458 18.566129
-101.721184 18.55715
-101.713082 18.552759
-101.708382 18.564119
-101.701378 18.568739
-101.68898 18.566659
-101.676681 18.571358
-101.666282 18.578288
-101.655783 18.576178
-101.64588 18.578581
-101.631178 18.578799
-101.624876 18.572109
-101.616782 18.56545
-101.608579 18.55879
-101.601377 18.55211
-101.593679 18.545451
-101.588476 18.538751
-101.58978 18.527431
-101.586782 18.518452
-101.580075 18.509513
-101.570981 18.502861
-101.563778 18.496182
-101.55608 18.489512
-101.546078 18.485134
-101.538478 18.480733
-101.52898 18.478602
-101.518878 18.471955
-101.50178 18.467685
-101.482279 18.465685
-101.472376 18.468073
-101.462877 18.470465
-101.447274 18.475175
-101.432977 18.475366
-101.422577 18.480014
-101.41127 18.484685
-101.403671 18.489283
-101.392371 18.491702
-101.376175 18.487382
-101.366675 18.485243
-101.358176 18.492123
-101.349173 18.501274
-101.329069 18.505973
-101.317473 18.508444
-101.302274 18.510883
-101.289968 18.513284
-101.276173 18.517972
-101.26247 18.515883
-101.242473 18.513863
-101.228671 18.514021
-101.212566 18.514202
-101.195467 18.512143
-101.178766 18.505564
-101.164064 18.501212
-101.154565 18.499064
-101.141663 18.499205
-101.128365 18.494833
-101.108963 18.495045
-101.09227 18.492974
-101.078467 18.490863
-101.064764 18.493262
-101.055266 18.497882
-101.037764 18.502574
-101.027761 18.504944
-101.014067 18.505083
-101.005865 18.493873
-101.002066 18.484884
-100.994862 18.478185
-100.982563 18.476046
-100.974865 18.469356
-100.967762 18.462656
-100.963459 18.453665
-100.961865 18.437877
-100.955661 18.428907
-100.945262 18.431267
-100.935359 18.435875
-100.926264 18.431458
-100.918261 18.436047
-100.911159 18.445135
-100.898364 18.443008
-100.882761 18.452186
-100.875659 18.456767
-100.866663 18.468135
-100.85766 18.463716
-100.845758 18.461565
-100.833458 18.459415
-100.82106 18.455016
-100.808762 18.457378
-100.798758 18.459726
-100.784957 18.455328
-100.780258 18.446347
-100.773558 18.439625
-100.767759 18.428386
-100.757759 18.421707
-100.749753 18.417257
-100.74256 18.408288
-100.730657 18.406128
-100.720257 18.399449
-100.708858 18.392759
-100.702657 18.40184
-100.689855 18.39518
-100.685056 18.38393
-100.681254 18.37493
-100.673657 18.37048
-100.666552 18.366021
-100.656956 18.35481
-100.645557 18.352642
-100.62945 18.35728
-100.621455 18.36411
-100.613855 18.37094
-100.604953 18.377789
-100.598253 18.38461
-100.593554 18.39142
-100.592151 18.400449
-100.599352 18.407168
-100.613551 18.420609
-100.624553 18.429557
-100.633556 18.436259
-100.64255 18.440707
-100.650654 18.449677
-100.660656 18.456366
-100.672055 18.463046
-100.681651 18.471997
-100.691158 18.480955
-100.695858 18.487686
-100.701153 18.494424
-100.704053 18.503425
-100.707852 18.512424
-100.711256 18.528202
-100.714156 18.537201
-100.717954 18.548462
-100.720855 18.559732
-100.724652 18.568732
-100.729055 18.579992
-100.730954 18.59577
-100.732953 18.61157
-100.735854 18.634117
-100.735959 18.652187
-100.736059 18.663478
-100.739355 18.672476
-100.748952 18.679175
-100.759856 18.688116
-100.772255 18.699305
-100.778061 18.706035
-100.78286 18.712766
-100.790459 18.728513
-100.791061 18.742054
-100.792062 18.757853
-100.787858 18.769183
-100.784561 18.780511
-100.777457 18.791861
-100.772256 18.798681
-100.761856 18.80781
-100.750456 18.814681
-100.742858 18.81926
-100.728561 18.823891
-100.715757 18.824002
-100.705259 18.817309
-100.693852 18.815151
-100.683356 18.810711
-100.671452 18.810811
-100.656254 18.822219
-100.648656 18.829048
-100.641552 18.840408
-100.633557 18.85176
-100.627353 18.858578
-100.616956 18.867698
-100.606455 18.870028
-100.592151 18.867878
-100.573153 18.87028
-100.551257 18.870428
-100.529351 18.868328
-100.513155 18.866189
-100.501756 18.863998
-100.489852 18.859558
-100.472053 18.858269
