-99.031729 21.271787
-99.012365 21.274115
-99.000729 21.276426
-98.98814 21.280996
-98.976025 21.285565
-98.96294 21.287865
-98.941623 21.290195
-98.932429 21.285696
-98.925188 21.272135
-98.921816 21.258567
-98.920374 21.247256
-98.918445 21.235938
-98.912653 21.222368
-98.906855 21.213338
-98.897196 21.19978
-98.889451 21.19528
-98.883661 21.188509
-98.875923 21.179471
-98.86625 21.174969
-98.851264 21.16595
-98.84063 21.161451
-98.829994 21.159212
-98.817902 21.15698
-98.801451 21.15702
-98.789825 21.159302
-98.783523 21.16611
-98.781569 21.17743
-98.769438 21.18424
-98.756385 21.184269
-98.743788 21.186561
-98.731215 21.188839
-98.719089 21.193389
-98.70747 21.195679
-98.697301 21.197949
-98.683262 21.200238
-98.672596 21.202518
-98.654689 21.20481
-98.63872 21.202549
-98.627582 21.207089
-98.615518 21.195799
-98.60341 21.195808
-98.597573 21.204859
-98.598985 21.21617
-98.6038 21.225229
-98.609569 21.23427
-98.61629 21.250119
-98.621105 21.259166
-98.624919 21.275007
-98.627787 21.286325
-98.627742 21.299906
-98.629162 21.313473
-98.629085 21.331596
-98.626116 21.349702
-98.62366 21.358762
-98.61252 21.356514
-98.592669 21.354263
-98.5786 21.356534
-98.56212 21.358813
-98.548539 21.363343
-98.538848 21.365613
-98.526213 21.370143
-98.516501 21.376941
-98.504347 21.386003
-98.502433 21.379203
-98.501022 21.367892
-98.495261 21.356572
-98.487549 21.349783
-98.476402 21.347523
-98.474515 21.338463
-98.471174 21.327155
-98.466361 21.320354
-98.472669 21.318083
-98.478514 21.311294
-98.487265 21.304506
-98.495048 21.297716
-98.500908 21.284137
-98.506271 21.275078
-98.514075 21.263758
-98.517044 21.250178
-98.519507 21.241128
-98.517615 21.227547
-98.508926 21.223017
-98.495895 21.213969
-98.481894 21.207181
-98.475631 21.20039
-98.466955 21.193609
-98.459234 21.18681
-98.449141 21.173231
-98.443364 21.166441
-98.433737 21.15739
-98.419743 21.148331
-98.405736 21.146063
-98.401875 21.143802
-98.388812 21.143783
-98.378155 21.146042
-98.365092 21.146032
-98.351039 21.150562
-98.338924 21.155071
-98.330187 21.159593
-98.314676 21.164101
-98.298707 21.164092
-98.294786 21.173132
-98.293756 21.184451
-98.296129 21.19351
-98.282549 21.198019
-98.280174 21.188961
-98.275406 21.177631
-98.272088 21.166322
-98.274103 21.15274
-98.277086 21.139164
-98.26648 21.134635
-98.258721 21.139151
-98.247603 21.136864
-98.241263 21.143642
-98.233969 21.152683
-98.227608 21.161732
-98.221771 21.168511
-98.21746 21.161722
-98.209272 21.154911
-98.203039 21.148112
-98.202176 21.130003
-98.194028 21.120944
-98.194594 21.107354
-98.185469 21.098286
-98.174887 21.089215
-98.163312 21.084675
-98.158047 21.077867
-98.143101 21.071046
-98.139301 21.061987
-98.137462 21.048406
-98.140431 21.039357
-98.147267 21.030317
-98.158917 21.021287
-98.168156 21.012268
-98.177411 21.000969
-98.182797 20.991919
-98.192053 20.980619
-98.200834 20.967059
-98.207679 20.95576
-98.217429 20.942191
-98.223266 20.935422
-98.228156 20.926373
-98.234519 20.912801
-98.238913 20.903764
-98.240179 20.895332
-98.243613 20.886294
-98.250486 20.872746
-98.254921 20.859174
-98.253073 20.847865
-98.248313 20.838795
-98.24356 20.831986
-98.237326 20.825196
-98.228712 20.816117
-98.223509 20.802526
-98.232704 20.798037
-98.240446 20.791016
-98.246361 20.788698
-98.252365 20.788698
-98.26104 20.787568
-98.268989 20.787568
-98.275977 20.787569
-98.281029 20.788706
-98.292327 20.792098
-98.301216 20.796616
-98.307457 20.801127
-98.311767 20.805646
-98.316812 20.811297
-98.320389 20.818067
-98.323967 20.823727
-98.328759 20.830494
-98.332825 20.835016
-98.337389 20.840665
-98.341463 20.845176
-98.346751 20.848565
-98.353502 20.846304
-98.358332 20.844044
-98.362436 20.839513
-98.367771 20.835006
-98.373308 20.833874
-98.377902 20.830485
-98.381289 20.827096
-98.384211 20.819176
-98.38882 20.812406
-98.391734 20.806756
-98.39487 20.803366
-98.399708 20.799978
-98.408152 20.797716
-98.416813 20.797706
-98.424519 20.797699
-98.43031 20.796566
-98.43562 20.793167
-98.443105 20.787517
-98.4482 20.777347
-98.453052 20.768309
-98.457905 20.760398
-98.462736 20.75361
-98.468289 20.746838
-98.473119 20.742308
-98.476994 20.737791
-98.4811 20.735531
-98.48496 20.732138
-98.489301 20.729879
-98.49581 20.727599
-98.509307 20.72307
-98.519667 20.71853
-98.529806 20.711749
-98.535117 20.708352
-98.538725 20.70495
-98.541381 20.699301
-98.542845 20.694781
-98.544311 20.688
-98.546721 20.684612
-98.547232 20.677832
-98.54437 20.668812
-98.54077 20.665423
-98.534995 20.663173
-98.524892 20.663181
-98.519109 20.666583
-98.511878 20.671113
-98.505841 20.675643
-98.497412 20.681302
-98.48969 20.685833
-98.483174 20.691481
-98.474485 20.69826
-98.465566 20.705049
-98.459776 20.708442
-98.452037 20.714101
-98.446012 20.71862
-98.439968 20.72315
-98.435636 20.72541
-98.431774 20.727669
-98.424305 20.728808
-98.418063 20.72542
-98.416645 20.719781
-98.418834 20.712991
-98.421254 20.708481
-98.424648 20.702831
-98.427791 20.698311
-98.429982 20.693783
-98.435314 20.684752
-98.43893 20.681362
-98.445209 20.675703
-98.44907 20.672312
-98.456791 20.667791
-98.461606 20.664392
-98.465938 20.662133
-98.474148 20.656471
-98.479695 20.651954
-98.490316 20.645163
-98.497769 20.639514
-98.502135 20.634985
-98.507201 20.629333
-98.512747 20.622544
-98.517341 20.615765
-98.520734 20.607856
-98.523641 20.601075
-98.525335 20.596554
-98.527036 20.590916
-98.528983 20.585256
-98.530921 20.578477
-98.531186 20.571708
-98.530965 20.566056
-98.531713 20.557027
-98.532691 20.550248
-98.534406 20.541207
-98.53562 20.535558
-98.53948 20.528778
-98.5436 20.521988
-98.550834 20.512948
-98.556374 20.508418
-98.563361 20.503901
-98.570571 20.500489
-98.576843 20.49597
-98.582625 20.49031
-98.587937 20.481271
-98.590119 20.475611
-98.590614 20.46658
-98.588484 20.454163
-98.586113 20.444002
-98.583489 20.437232
-98.579657 20.431592
-98.574141 20.427093
-98.572235 20.422573
-98.569359 20.419193
-98.566017 20.414684
-98.562422 20.407912
-98.560287 20.401145
-98.558615 20.396623
-98.555511 20.390995
-98.552656 20.383095
-98.549315 20.375195
-98.545736 20.369555
-98.541426 20.362786
-98.53616 20.357146
-98.530181 20.348127
-98.522999 20.343618
-98.517965 20.340246
-98.505505 20.335736
-98.491346 20.334627
-98.477908 20.334647
-98.468304 20.333527
-98.460133 20.335797
-98.455563 20.338056
-98.450504 20.342587
-98.447368 20.345967
-98.444004 20.349356
-98.440151 20.353885
-98.437244 20.359525
-98.435068 20.365175
-98.433125 20.371947
-98.430934 20.377595
-98.429232 20.382115
-98.427073 20.386634
-98.424639 20.392285
-98.420779 20.396803
-98.417147 20.401323
-98.410899 20.405834
-98.406078 20.408104
-98.397678 20.408105
-98.388078 20.406995
-98.378962 20.405864
-98.370308 20.404744
-98.362641 20.403615
-98.353265 20.403615
-98.345102 20.407014
-98.337381 20.411525
-98.330155 20.417184
-98.326774 20.420563
-98.322441 20.425083
-98.317849 20.430723
-98.315178 20.436372
-98.311547 20.442024
-98.30864 20.446533
-98.305015 20.451053
-98.30117 20.453312
-98.295868 20.4567
-98.290565 20.460082
-98.284294 20.463472
-98.27925 20.464591
-98.274428 20.467982
-98.268392 20.472502
-98.264061 20.477011
-98.258734 20.483791
-98.254378 20.48944
-98.250517 20.492822
-98.245442 20.497331
-98.240362 20.505239
-98.236243 20.50976
-98.230931 20.514271
-98.225386 20.518788
-98.221297 20.521039
-98.211668 20.523299
-98.205656 20.52442
-98.197713 20.525539
-98.188564 20.528919
-98.181096 20.531179
-98.174107 20.534558
-98.169042 20.536808
-98.164227 20.539068
-98.159887 20.541318
-98.153851 20.545829
-98.148051 20.550339
-98.142756 20.552598
-98.137211 20.554848
-98.130222 20.558218
-98.124905 20.562737
-98.121279 20.566118
-98.11909 20.570626
-98.11449 20.575147
-98.109651 20.579658
-98.106265 20.583047
-98.103831 20.588687
-98.101152 20.593198
-98.097293 20.595445
-98.093675 20.597698
-98.092197 20.604476
-98.087115 20.608984
-98.081575 20.610105
-98.076502 20.613484
-98.071908 20.616864
-98.066301 20.622646
-98.066552 20.627024
-98.063394 20.631536
-98.059275 20.637175
-98.054917 20.639435
-98.05086 20.636034
-98.045595 20.632633
-98.0401 20.625855
-98.037247 20.621326
-98.034158 20.615677
-98.029862 20.611157
-98.025095 20.605507
-98.021026 20.600977
-98.018173 20.597586
-98.015548 20.594197
-98.011726 20.589666
-98.008873 20.586266
-98.003373 20.581746
-97.999732 20.576746
-97.996277 20.571738
-97.996047 20.563667
-97.994637 20.559148
-97.993477 20.552358
-97.99089 20.545589
-97.989227 20.541068
-97.98783 20.535419
-97.986425 20.52977
-97.983596 20.522979
-97.982673 20.517339
-97.982017 20.5083
-97.982565 20.498142
-97.983808 20.492502
-97.986763 20.48347
-97.990142 20.480103
-97.994019 20.475582
-97.998123 20.472211
-98.001997 20.467692
-98.004432 20.464311
-98.007102 20.459804
-98.010498 20.454164
-98.016319 20.447403
-98.021392 20.442893
-98.026467 20.438383
-98.03009 20.436134
-98.036827 20.431633
-98.042862 20.429384
-98.049119 20.427133
-98.05681 20.426024
-98.06859 20.423773
-98.075579 20.420404
-98.079438 20.418154
-98.084733 20.414765
-98.090769 20.410264
-98.094148 20.406883
-98.099214 20.403496
-98.104051 20.398995
-98.106951 20.395604
-98.1113 20.391095
-98.114214 20.385457
-98.117632 20.376425
-98.117418 20.370786
-98.11964 20.361757
-98.122806 20.354986
-98.124285 20.348207
-98.126246 20.341437
-98.130122 20.335798
-98.13927 20.329027
-98.143863 20.324518
-98.149646 20.322267
-98.154933 20.318879
-98.162647 20.315509
-98.172496 20.312129
-98.179226 20.309878
-98.186451 20.30649
-98.194142 20.303109
-98.201107 20.300859
-98.209272 20.299738
-98.217916 20.299738
-98.226072 20.299748
-98.237348 20.29974
-98.244063 20.300879
-98.249099 20.302008
-98.256293 20.300877
-98.263502 20.299748
-98.26879 20.298619
-98.27552 20.297499
-98.280798 20.295238
-98.284415 20.292979
-98.286346 20.289597
-98.290924 20.28621
-98.295744 20.281688
-98.29914 20.276049
-98.299881 20.2704
-98.300384 20.26363
-98.301619 20.256859
-98.301895 20.24895
-98.301672 20.243312
-98.301223 20.23767
-98.300047 20.233152
-98.29721 20.227502
-98.294814 20.224121
-98.289566 20.218472
-98.283118 20.213951
-98.278082 20.211701
-98.272588 20.210573
-98.267057 20.211703
-98.260573 20.212824
-98.253622 20.212823
-98.244275 20.212824
-98.238027 20.213952
-98.233237 20.215083
-98.222446 20.216192
-98.212857 20.215073
-98.20589 20.216192
-98.198223 20.216181
-98.192226 20.217312
-98.182376 20.219562
-98.174931 20.219551
-98.16846 20.219551
-98.16009 20.216163
-98.155315 20.212772
-98.152209 20.209383
-98.148884 20.204852
-98.146524 20.199214
-98.145113 20.194693
-98.144916 20.186792
-98.146412 20.177764
-98.146685 20.172125
-98.145526 20.165343
-98.143894 20.156315
-98.143229 20.147285
-98.142322 20.140505
-98.14284 20.132618
-98.144076 20.126965
-98.146021 20.121325
-98.148204 20.116816
-98.150614 20.113426
-98.154482 20.108917
-98.15594 20.104396
-98.159077 20.101027
-98.162691 20.097638
-98.165606 20.091998
-98.169277 20.079577
-98.173853 20.071678
-98.179181 20.062659
-98.181866 20.05363
-98.18333 20.04798
-98.185046 20.041222
-98.186275 20.0367
-98.187031 20.029942
-98.189715 20.020911
-98.193126 20.011871
-98.193873 20.003973
-98.193912 19.996082
-98.19347 19.989304
-98.192066 19.984793
-98.191623 19.978024
-98.190936 19.972372
-98.189304 19.964462
-98.189333 19.958823
-98.19128 19.954315
-98.194431 19.947543
-98.198284 19.941904
-98.202395 19.935135
-98.207448 19.929495
-98.210827 19.926115
-98.213947 19.921605
-98.218052 19.915956
-98.221426 19.911445
-98.225278 19.906927
-98.227932 19.902417
-98.231061 19.897906
-98.234448 19.892266
-98.239263 19.886628
-98.241665 19.883237
-98.245274 19.878727
-98.249371 19.871958
-98.251562 19.866318
-98.253744 19.860677
-98.254744 19.851648
-98.255017 19.846008
-98.255048 19.838098
-98.254842 19.83246
-98.253676 19.827948
-98.253941 19.822308
-98.252287 19.81779
-98.251844 19.81102
-98.250431 19.806499
-98.249502 19.800859
-98.248106 19.795221
-98.244771 19.788452
-98.242422 19.78393
-98.239094 19.77829
-98.234838 19.772651
-98.229351 19.767002
-98.226048 19.762493
-98.222484 19.756853
-98.219647 19.751202
-98.217282 19.746694
-98.215161 19.741045
-98.212833 19.729765
-98.211682 19.721864
-98.210269 19.716224
-98.209591 19.710586
-98.208431 19.703805
-98.207743 19.698164
-98.208011 19.692525
-98.219966 19.692534
-98.226871 19.694794
-98.231877 19.697056
-98.238781 19.700435
-98.243794 19.701565
-98.251684 19.702695
-98.256451 19.703826
-98.261465 19.704945
-98.267424 19.706084
-98.274359 19.707214
-98.281018 19.710594
-98.288915 19.707216
-98.294446 19.701565
-98.299245 19.697054
-98.304044 19.692546
-98.308844 19.686906
-98.312934 19.681256
-98.316069 19.676736
-98.319189 19.673358
-98.322571 19.664327
-98.324966 19.660947
-98.328093 19.656438
-98.332901 19.650787
-98.338409 19.645137
-98.342254 19.639498
-98.346343 19.633856
-98.349701 19.629337
-98.355704 19.622567
-98.360259 19.618047
-98.364335 19.612409
-98.369376 19.60677
-98.377015 19.604498
-98.383477 19.60337
-98.390395 19.60337
-98.399942 19.60561
-98.405174 19.607869
-98.411149 19.608999
-98.418305 19.608978
-98.424281 19.60672
-98.428109 19.604458
-98.435761 19.604459
-98.446009 19.606699
-98.453173 19.607808
-98.463678 19.607809
-98.469888 19.604418
-98.476817 19.602148
-98.483524 19.59988
-98.494273 19.599859
-98.502384 19.599848
-98.508579 19.600979
-98.520039 19.60096
-98.525043 19.603209
-98.533155 19.605448
-98.536725 19.607699
-98.540769 19.61108
-98.543392 19.614448
-98.54697 19.618958
-98.550053 19.622337
-98.553395 19.625717
-98.557179 19.632479
-98.561246 19.638117
-98.564093 19.641497
-98.566464 19.647137
-98.566685 19.653907
-98.565473 19.659545
-98.562826 19.667446
-98.563756 19.674214
-98.564467 19.679867
-98.563963 19.686636
-98.564649 19.696786
-98.565365 19.703554
-98.566762 19.710315
-98.569372 19.717085
-98.570555 19.723854
-98.572919 19.730623
-98.575063 19.736253
-98.57768 19.739633
-98.580534 19.743011
-98.583861 19.749783
-98.587195 19.755414
-98.591254 19.758791
-98.596731 19.7633
-98.60198 19.764411
-98.609877 19.766652
-98.614645 19.768901
-98.621817 19.771142
-98.628501 19.77338
-98.632797 19.777891
-98.636847 19.782392
-98.639228 19.7869
-98.640656 19.791411
-98.642791 19.797041
-98.644464 19.801559
-98.647323 19.80494
-98.650903 19.807188
-98.657349 19.808289
-98.661905 19.806019
-98.665962 19.80376
-98.669563 19.800372
-98.675071 19.795842
-98.680801 19.794691
-98.686303 19.798071
-98.688202 19.80258
-98.687006 19.80822
-98.683884 19.813868
-98.681009 19.818388
-98.67933 19.822909
-98.677643 19.827428
-98.676438 19.831949
-98.676187 19.837589
-98.677858 19.843229
-98.680489 19.846607
-98.685724 19.851108
-98.693148 19.851098
-98.69864 19.849948
-98.70344 19.848797
-98.704919 19.843627
-98.714433 19.843127
-98.718515 19.840858
-98.723764 19.839718
-98.733821 19.839688
-98.739085 19.840799
-98.746257 19.841907
-98.753665 19.840758
-98.760607 19.840728
-98.768725 19.840708
-98.778073 19.840678
-98.788584 19.840639
-98.794811 19.837228
-98.79984 19.833837
-98.80415 19.831559
-98.807155 19.828839
-98.813732 19.824748
-98.817562 19.82249
-98.823774 19.820199
-98.828557 19.817929
-98.835972 19.816778
-98.842656 19.814499
-98.849599 19.81221
-98.85678 19.812189
-98.863469 19.813288
-98.868102 19.816448
-98.878537 19.816618
-98.884267 19.817718
-98.889784 19.818819
-98.898375 19.819918
-98.907233 19.819877
-98.912253 19.81648
-98.915596 19.811949
-98.918717 19.807419
-98.92157 19.80177
-98.92517 19.796109
-98.927085 19.79159
-98.930191 19.787059
-98.933296 19.783661
-98.937843 19.780251
-98.942618 19.777981
-98.953849 19.77906
-98.961273 19.780149
-98.966293 19.78125
-98.974427 19.783479
-98.980164 19.78571
-98.985184 19.78681
-98.992602 19.79016
-98.999772 19.792389
-99.005274 19.795748
-99.008624 19.799119
-99.011736 19.806999
-99.012681 19.813768
-99.014132 19.820527
-99.014612 19.828438
-99.012468 19.837468
-99.012476 19.843117
-99.010799 19.852157
-99.006265 19.858946
-99.002672 19.863476
-98.998843 19.866877
-98.996216 19.870277
-98.992395 19.874816
-98.989274 19.878215
-98.986893 19.882735
-98.985215 19.888396
-98.984986 19.896297
-98.985704 19.901935
-98.985941 19.907575
-98.984742 19.913224
-98.981401 19.920014
-98.976854 19.924543
-98.973742 19.927943
-98.969193 19.931354
-98.96489 19.933632
-98.958673 19.938175
-98.954835 19.942704
-98.949807 19.947243
-98.947426 19.950642
-98.94526 19.955173
-98.943595 19.959691
-98.944305 19.967583
-98.946222 19.972092
-98.94957 19.975462
-98.952919 19.979972
-98.955552 19.983341
-98.959397 19.986712
-98.962975 19.988951
-98.967295 19.992322
-98.973511 19.996801
-98.978311 20.000172
-98.983103 20.002401
-98.988847 20.004641
-98.995797 20.00574
-99.001772 20.00796
-99.009203 20.00792
-99.017345 20.00789
-99.022134 20.008991
-99.027888 20.00897
-99.035792 20.007801
-99.047762 20.00774
-99.055423 20.0077
-99.063327 20.00653
-99.074346 20.00421
-99.081767 20.00079
-99.08775 19.99624
-99.091808 19.99396
-99.098279 19.99167
-99.104016 19.98713
-99.109045 19.98371
-99.113592 19.980302
-99.11862 19.97915
-99.123411 19.977992
-99.130102 19.97682
-99.139211 19.973381
-99.146619 19.971091
-99.152127 19.969923
-99.157157 19.968773
-99.166007 19.967592
-99.174627 19.967542
-99.180616 19.966373
-99.185866 19.965221
-99.194503 19.96517
-99.202164 19.965113
-99.20958 19.965072
-99.214606 19.966162
-99.218208 19.967282
-99.230903 19.966071
-99.23806 19.956992
-99.243554 19.95018
-99.247598 19.942252
-99.248047 19.933221
-99.247095 19.927594
-99.246117 19.921944
-99.2437 19.910685
-99.242265 19.906164
-99.240334 19.901664
-99.239113 19.892654
-99.240051 19.885874
-99.242898 19.874566
-99.244797 19.865516
-99.246917 19.857606
-99.249315 19.851945
-99.25431 19.842886
-99.260034 19.833818
-99.265039 19.825887
-99.272668 19.820189
-99.278168 19.816768
-99.285105 19.813339
-99.290841 19.811039
-99.298976 19.812109
-99.30591 19.814329
-99.311892 19.815407
-99.318111 19.819889
-99.322672 19.822109
-99.327457 19.823207
-99.329364 19.818678
-99.329097 19.811909
-99.328615 19.805149
-99.330492 19.797229
-99.334071 19.791561
-99.33787 19.78928
-99.343615 19.786978
-99.351969 19.782408
-99.354351 19.77787
-99.358149 19.771079
-99.361721 19.76427
-99.368381 19.75746
-99.374606 19.755161
-99.381528 19.751721
-99.391575 19.7539
-99.395658 19.75952
-99.396641 19.76741
-99.396655 19.773051
-99.395963 19.779831
-99.395023 19.78548
-99.393627 19.792259
-99.393391 19.79791
-99.393185 19.804687
-99.394635 19.809188
-99.396091 19.817077
-99.398984 19.823826
-99.404262 19.830557
-99.409077 19.837298
-99.414129 19.842908
-99.420363 19.849627
-99.426839 19.854098
-99.431875 19.857447
-99.43788 19.860776
-99.44554 19.864117
-99.452734 19.868576
-99.461843 19.875276
-99.469298 19.881985
-99.4746 19.889845
-99.479643 19.896586
-99.483016 19.902204
-99.485197 19.907825
-99.487616 19.913454
-99.489073 19.920212
-99.491018 19.926962
-99.491279 19.933741
-99.492987 19.940501
-99.494217 19.947272
-99.495926 19.955151
-99.497391 19.96191
-99.496216 19.968701
-99.494331 19.976622
-99.491713 19.98115
-99.485983 19.98346
-99.4812 19.98463
-99.474266 19.986931
-99.469001 19.988099
-99.461814 19.989289
-99.46089 19.99494
-99.462813 19.999449
-99.464744 20.0062
-99.467651 20.01182
-99.47032 20.020839
-99.473946 20.028708
-99.476845 20.036598
-99.478316 20.043359
-99.480248 20.047859
-99.481705 20.054618
-99.48413 20.061377
-99.485586 20.065878
-99.487046 20.071517
-99.489234 20.079397
-99.490951 20.088416
-99.492415 20.092915
-99.49388 20.098554
-99.496071 20.105314
-99.498002 20.110934
-99.497535 20.116585
-99.49829 20.122224
-99.499985 20.128996
-99.50193 20.133485
-99.506507 20.139103
-99.512986 20.143562
-99.518532 20.146903
-99.527886 20.150214
-99.533402 20.149043
-99.539163 20.147863
-99.546587 20.147801
-99.556176 20.147722
-99.564332 20.147663
-99.570322 20.147614
-99.576808 20.148674
-99.583278 20.149752
-99.590242 20.150824
-99.596232 20.150774
-99.602 20.152982
-99.611354 20.152892
-99.618305 20.152842
-99.625278 20.155033
-99.63319 20.154973
-99.641818 20.156023
-99.648532 20.154841
-99.65607 20.155493
-99.662082 20.154364
-99.667118 20.155482
-99.676495 20.155474
-99.685865 20.155462
-99.699544 20.156593
-99.710837 20.158831
-99.722356 20.162212
-99.733146 20.166731
-99.745147 20.17011
-99.753782 20.174611
-99.760017 20.179131
-99.766005 20.183651
-99.775848 20.188162
-99.781356 20.19267
-99.786637 20.196062
-99.792145 20.199452
-99.797898 20.205089
-99.802933 20.20961
-99.808204 20.215259
-99.811304 20.219781
-99.815865 20.225428
-99.818498 20.228819
-99.820404 20.233338
-99.823274 20.23785
-99.828295 20.249169
-99.834298 20.251417
-99.840785 20.253668
-99.847987 20.255908
-99.853991 20.258167
-99.859513 20.261548
-99.864803 20.262656
-99.874408 20.268298
-99.871515 20.271697
-99.869106 20.276236
-99.86741 20.280767
-99.865709 20.285296
-99.863528 20.289818
-99.861597 20.294347
-99.859187 20.298875
-99.857722 20.303405
-99.855073 20.307936
-99.850246 20.314726
-99.847101 20.320395
-99.843477 20.326064
-99.841311 20.330584
-99.839593 20.335115
-99.838145 20.341905
-99.837397 20.348703
-99.835939 20.356614
-99.834467 20.366814
-99.834444 20.374722
-99.833443 20.383782
-99.831749 20.392832
-99.831009 20.39849
-99.830506 20.405272
-99.830248 20.414331
-99.829507 20.419991
-99.82876 20.427919
-99.829225 20.434701
-99.829927 20.443749
-99.831346 20.45054
-99.832056 20.45619
-99.831797 20.461848
-99.832269 20.467499
-99.832728 20.474288
-99.831193 20.488268
-99.82715 20.497256
-99.823969 20.510805
-99.817559 20.517496
-99.806282 20.526395
-99.795586 20.530765
-99.786323 20.535157
-99.774719 20.537246
-99.764549 20.539356
-99.754364 20.541464
-99.741362 20.541277
-99.734459 20.547966
-99.726647 20.552365
-99.717871 20.556766
-99.709579 20.561166
-99.698547 20.558737
-99.688376 20.560846
-99.679495 20.569764
-99.666853 20.574083
-99.659039 20.578494
-99.644039 20.580524
-99.632521 20.578084
-99.622456 20.575655
-99.611804 20.577754
-99.602535 20.582124
-99.594669 20.588794
-99.586316 20.595452
-99.578014 20.599842
-99.57068 20.604252
-99.562754 20.613183
-99.549572 20.619762
-99.537952 20.621833
-99.527674 20.628462
-99.520274 20.635131
-99.507738 20.634913
-99.499908 20.639321
-99.499643 20.650643
-99.502785 20.65975
-99.509814 20.66893
-99.516841 20.678101
-99.523433 20.68501
-99.531793 20.698729
-99.533938 20.7101
-99.532716 20.7214
-99.522952 20.725768
-99.512696 20.730129
-99.503441 20.734498
-99.495606 20.738898
-99.488153 20.747837
-99.483529 20.759077
-99.481279 20.772626
-99.478433 20.790706
-99.475747 20.801975
-99.471612 20.813235
-99.462816 20.817616
-99.450936 20.828734
-99.445465 20.835445
-99.440476 20.842142
-99.434997 20.848852
-99.429901 20.860083
-99.42479 20.871311
-99.41587 20.88022
-99.40792 20.889152
-99.405708 20.900441
-99.401625 20.90942
-99.397055 20.9184
-99.390547 20.927349
-99.386885 20.938608
-99.388534 20.949967
-99.387771 20.961288
-99.385504 20.974837
-99.380438 20.983806
-99.375433 20.990517
-99.370268 21.004017
-99.364668 21.015247
-99.361434 21.028776
-99.36508 21.037904
-99.369147 21.049294
-99.380645 21.054034
-99.38719 21.063214
-99.386793 21.079053
-99.378944 21.086392
-99.362012 21.084222
-99.351858 21.082002
-99.340252 21.084324
-99.333004 21.093401
-99.326238 21.107013
-99.317044 21.111592
-99.311246 21.1184
-99.301572 21.122972
-99.294309 21.127521
-99.287053 21.120763
-99.279805 21.114001
-99.272541 21.107253
-99.264323 21.100491
-99.253192 21.093741
-99.245456 21.089253
-99.231425 21.087044
-99.221767 21.093863
-99.211123 21.091643
-99.20096 21.093953
-99.195635 21.100754
-99.185 21.103064
-99.174829 21.105351
-99.167091 21.112182
-99.161774 21.121254
-99.151604 21.123542
-99.138055 21.12585
-99.128861 21.132671
-99.111441 21.130461
-99.098868 21.1305
-99.093063 21.137312
-99.083847 21.14186
-99.074157 21.150941
-99.068831 21.15775
-99.067359 21.17134
-99.060569 21.184938
-99.060546 21.198508
-99.054731 21.209848
-99.051321 21.218908
-99.047429 21.227979
-99.043539 21.241568
-99.039641 21.255156
-99.034788 21.261965
-99.031729 21.271787
