-101.886991 21.918934
-101.884299 21.930321
-101.878698 21.941781
-101.870191 21.95556
-101.857694 21.964901
-101.845196 21.97198
-101.830693 21.981351
-101.82159 21.986081
-101.810994 21.99311
-101.799396 21.995628
-101.783695 21.9937
-101.77199 21.991691
-101.763095 21.985078
-101.753695 21.980741
-101.743288 21.974161
-101.736894 21.967501
-101.724992 21.956422
-101.717492 21.949773
-101.707093 21.940942
-101.696793 21.934353
-101.689789 21.927703
-101.680886 21.918812
-101.674393 21.912154
-101.668892 21.905473
-101.661987 21.898814
-101.654991 21.889894
-101.64749 21.880984
-101.637587 21.872125
-101.625189 21.863315
-101.613386 21.856755
-101.591787 21.848136
-101.580083 21.843838
-101.559582 21.841977
-101.540188 21.844636
-101.525585 21.847197
-101.508983 21.847517
-101.495982 21.852306
-101.481386 21.854855
-101.471285 21.859586
-101.456186 21.862145
-101.45408 21.850855
-101.448984 21.839625
-101.457682 21.834918
-101.472682 21.830098
-101.485782 21.825318
-101.501681 21.815938
-101.514584 21.806619
-101.537182 21.790308
-101.550587 21.776449
-101.559186 21.769481
-101.572583 21.755611
-101.583989 21.739521
-101.587086 21.72586
-101.581487 21.712392
-101.575887 21.701163
-101.572888 21.692164
-101.572583 21.676303
-101.576588 21.655834
-101.58109 21.639886
-101.584286 21.628486
-101.587483 21.617096
-101.591688 21.605685
-101.596783 21.594247
-101.601384 21.582828
-101.607983 21.571358
-101.617986 21.559828
-101.627584 21.55284
-101.63909 21.54354
-101.650084 21.53425
-101.657691 21.52729
-101.660491 21.52044
-101.659888 21.51591
-101.657889 21.513691
-101.654486 21.511499
-101.651991 21.509281
-101.649588 21.50707
-101.646589 21.5026
-101.643591 21.498131
-101.641989 21.491373
-101.640386 21.486861
-101.636885 21.480141
-101.634786 21.471122
-101.633184 21.464362
-101.633589 21.459821
-101.634886 21.450731
-101.635587 21.439384
-101.635488 21.432593
-101.637289 21.425764
-101.638684 21.418934
-101.63899 21.409864
-101.638388 21.405355
-101.637288 21.398576
-101.636686 21.391786
-101.63709 21.387245
-101.639287 21.378135
-101.639684 21.371346
-101.640989 21.364515
-101.640386 21.355467
-101.638784 21.348707
-101.63619 21.341956
-101.634183 21.339728
-101.632184 21.335247
-101.630689 21.330738
-101.632985 21.326168
-101.637486 21.323769
-101.63989 21.321447
-101.64179 21.319147
-101.646589 21.316787
-101.648985 21.314479
-101.653387 21.314398
-101.65869 21.312019
-101.664388 21.309649
-101.67349 21.300409
-101.684989 21.29112
-101.691192 21.28646
-101.697387 21.281808
-101.707389 21.272551
-101.717888 21.263279
-101.726989 21.256292
-101.737488 21.249292
-101.748986 21.240001
-101.755592 21.233061
-101.763191 21.223852
-101.771287 21.212363
-101.777887 21.203172
-101.785393 21.189424
-101.78769 21.182574
-101.790887 21.175714
-101.79699 21.164263
-101.80359 21.155075
-101.81209 21.141296
-101.825288 21.125166
-101.836694 21.111337
-101.840495 21.102996
-101.842089 21.098377
-101.844294 21.091898
-101.850588 21.080747
-101.85979 21.067427
-101.864993 21.058497
-101.870494 21.051867
-101.878588 21.043039
-101.888095 21.03425
-101.899196 21.023241
-101.908291 21.014439
-101.915295 21.007841
-101.920392 21.00118
-101.926892 20.994571
-101.932591 20.985674
-101.938092 20.979044
-101.947697 20.967972
-101.953297 20.961344
-101.959791 20.954723
-101.965894 20.948104
-101.973493 20.939253
-101.982092 20.928163
-101.990194 20.919323
-101.995298 20.910415
-101.999998 20.901485
-102.007795 20.888106
-102.015395 20.876988
-102.022994 20.868137
-102.028098 20.859216
-102.030296 20.847477
-102.034499 20.836218
-102.041892 20.82729
-102.046996 20.82058
-102.050995 20.811589
-102.057594 20.80039
-102.063599 20.791432
-102.068695 20.782451
-102.075196 20.773501
-102.080299 20.767781
-102.084099 20.756552
-102.082794 20.738392
-102.076194 20.720092
-102.067398 20.710783
-102.060897 20.701533
-102.056396 20.694623
-102.0513 20.687686
-102.041495 20.678355
-102.032599 20.671305
-102.021895 20.659676
-102.012495 20.652624
-102.004994 20.647886
-101.992093 20.642996
-101.980793 20.635875
-101.974797 20.628917
-101.969792 20.619708
-101.96629 20.610557
-101.963192 20.601398
-101.961193 20.592278
-101.960095 20.580931
-101.96249 20.569669
-101.969196 20.556272
-101.974797 20.549631
-101.979496 20.540701
-101.986898 20.534121
-101.991994 20.527471
-101.995191 20.518384
-102.053298 20.469595
-102.060195 20.462913
-102.067199 20.451714
-102.074095 20.445045
-102.081199 20.431576
-102.087799 20.418105
-102.092399 20.406866
-102.096596 20.395605
-102.101096 20.386626
-102.108597 20.377698
-102.115494 20.371027
-102.123398 20.3621
-102.128395 20.355399
-102.133698 20.348158
-102.147294 20.34893
-102.152795 20.33996
-102.162095 20.335591
-102.172395 20.328969
-102.178796 20.322278
-102.195101 20.32482
-102.204798 20.322719
-102.210902 20.329621
-102.213495 20.320601
-102.221796 20.31394
-102.235896 20.30965
-102.248897 20.309861
-102.258601 20.307761
-102.275402 20.30802
-102.282497 20.31267
-102.292005 20.319621
-102.303602 20.31754
-102.315305 20.313199
-102.326398 20.311111
-102.3337 20.306699
-102.344099 20.305991
-102.350806 20.297912
-102.364302 20.295852
-102.378203 20.298332
-102.3889 20.29397
-102.400505 20.291891
-102.405601 20.29876
-102.417701 20.298952
-102.425705 20.30585
-102.437805 20.303771
-102.444702 20.297091
-102.458603 20.297301
-102.468407 20.292921
-102.476206 20.288501
-102.481104 20.281782
-102.488505 20.275091
-102.500009 20.277532
-102.509203 20.273142
-102.520404 20.268772
-102.518206 20.259682
-102.522807 20.248423
-102.537204 20.248633
-102.551203 20.248844
-102.563709 20.246753
-102.573505 20.240093
-102.58041 20.233404
-102.588207 20.226723
-102.596508 20.222313
-102.606206 20.217914
-102.615911 20.213525
-102.627507 20.209154
-102.639212 20.204785
-102.678313 20.198533
-102.69181 20.194184
-102.70481 20.194353
-102.728409 20.194666
-102.739113 20.190284
-102.746911 20.185855
-102.761315 20.183785
-102.781114 20.181775
-102.798013 20.177456
-102.80961 20.175345
-102.830416 20.171075
-102.843516 20.164446
-102.856014 20.162336
-102.868114 20.160215
-102.882518 20.162655
-102.895413 20.165085
-102.908414 20.165234
-102.924314 20.165426
-102.939718 20.165615
-102.957617 20.161294
-102.967215 20.159136
-102.980216 20.157026
-102.992316 20.152636
-103.010223 20.150576
-103.027024 20.150767
-103.041023 20.146394
-103.038819 20.137306
-103.039016 20.125987
-103.044022 20.114726
-103.044716 20.103406
-103.044022 20.089818
-103.037423 20.080688
-103.040016 20.067129
-103.037819 20.055791
-103.034721 20.04217
-103.032516 20.03309
-103.032219 20.021762
-103.022621 20.019392
-103.021423 20.008061
-103.023918 19.999031
-103.033622 19.994614
-103.039521 19.985621
-103.044518 19.978883
-103.052322 19.972175
-103.059121 19.965455
-103.068322 19.961032
-103.07792 19.958875
-103.08532 19.949895
-103.087418 19.940865
-103.078919 19.933984
-103.071824 19.927106
-103.062318 19.920204
-103.052322 19.913305
-103.042717 19.917734
-103.041916 19.933574
-103.030319 19.935704
-103.017417 19.931037
-103.003119 19.926345
-102.988714 19.926175
-102.992414 19.935277
-102.990316 19.946575
-102.983816 19.957815
-102.976019 19.964524
-102.967817 19.968955
-102.952016 19.964243
-102.941617 19.955064
-102.935513 19.948194
-102.927914 19.943583
-102.921315 19.936714
-102.913716 19.932096
-102.906612 19.927477
-102.900013 19.920606
-102.892414 19.915987
-102.877414 19.920337
-102.870112 19.924776
-102.859515 19.926915
-102.849215 19.915456
-102.847017 19.904105
-102.843813 19.892758
-102.839213 19.885897
-102.822016 19.878898
-102.807709 19.874189
-102.787514 19.873939
-102.769814 19.871449
-102.759812 19.86905
-102.748009 19.859838
-102.738509 19.855189
-102.731414 19.84831
-102.721908 19.841389
-102.718314 19.830031
-102.721907 19.82102
-102.729712 19.814332
-102.739509 19.805402
-102.743515 19.794141
-102.743811 19.780564
-102.743712 19.762444
-102.750213 19.748953
-102.755111 19.742224
-102.764709 19.740082
-102.775413 19.731176
-102.78621 19.722254
-102.793611 19.711036
-102.797112 19.699766
-102.796509 19.686177
-102.791412 19.677057
-102.787209 19.670216
-102.77961 19.665598
-102.772514 19.660969
-102.760215 19.651758
-102.749908 19.640318
-102.744308 19.631191
-102.73831 19.622052
-102.730811 19.61291
-102.724814 19.601512
-102.723609 19.590179
-102.720007 19.576551
-102.717412 19.562942
-102.715208 19.551603
-102.712606 19.542502
-102.706212 19.526584
-102.704008 19.517503
-102.707608 19.501716
-102.717512 19.488266
-102.723508 19.474766
-102.722708 19.463446
-102.715612 19.458828
-102.706113 19.456446
-102.696508 19.458568
-102.686909 19.460707
-102.675411 19.462807
-102.660412 19.467138
-102.65221 19.471557
-102.639705 19.475907
-102.629504 19.480295
-102.62411 19.487006
-102.60361 19.484457
-102.591708 19.479777
-102.581805 19.477366
-102.580904 19.470556
-102.576807 19.463718
-102.572603 19.456866
-102.56991 19.450049
-102.566706 19.440948
-102.565408 19.434149
-102.563608 19.429589
-102.560503 19.418228
-102.557809 19.40914
-102.555604 19.402319
-102.552804 19.397761
-102.551004 19.39321
-102.549607 19.388669
-102.548303 19.381861
-102.548402 19.377342
-102.550408 19.3751
-102.554803 19.36837
-102.560204 19.361671
-102.567208 19.350452
-102.572206 19.339213
-102.575204 19.332473
-102.580606 19.325753
-102.589906 19.316844
-102.600008 19.310193
-102.608408 19.301264
-102.614207 19.296815
-102.621509 19.287865
-102.628009 19.276646
-102.630503 19.269896
-102.634006 19.263155
-102.640308 19.256457
-102.641406 19.249686
-102.642504 19.245166
-102.64461 19.236157
-102.649104 19.227168
-102.652507 19.220428
-102.655506 19.213689
-102.658007 19.209199
-102.661007 19.202449
-102.663509 19.197959
-102.664508 19.193449
-102.666508 19.191209
-102.668911 19.18898
-102.67091 19.184489
-102.674305 19.182271
-102.676311 19.180029
-102.681111 19.177838
-102.684505 19.17336
-102.689312 19.17342
-102.697812 19.175801
-102.704511 19.17815
-102.71211 19.18051
-102.717313 19.180581
-102.721609 19.180639
-102.729207 19.182999
-102.73541 19.185339
-102.74111 19.185409
-102.743513 19.187709
-102.746313 19.190009
-102.751012 19.19233
-102.756307 19.192398
-102.762411 19.194739
-102.767211 19.194798
-102.76911 19.197089
-102.772413 19.199387
-102.77951 19.199488
-102.783309 19.201799
-102.796714 19.201969
-102.808609 19.202109
-102.818711 19.199978
-102.833511 19.197898
-102.848511 19.191299
-102.86001 19.18692
-102.868814 19.177969
-102.884813 19.16234
-102.893618 19.155651
-102.898912 19.14894
-102.911616 19.135511
-102.919916 19.126562
-102.931414 19.11992
-102.939616 19.115481
-102.947414 19.111051
-102.954112 19.106612
-102.961414 19.099911
-102.968211 19.090942
-102.975117 19.081974
-102.981014 19.072993
-102.985913 19.066264
-102.996014 19.061855
-103.008519 19.052946
-103.017216 19.048525
-103.027318 19.046376
-103.037916 19.037446
-103.049916 19.033055
-103.057218 19.026345
-103.06732 19.019674
-103.074621 19.015226
-103.088018 19.010846
-103.101515 19.004208
-103.114921 18.997557
-103.128921 18.988667
-103.138519 18.984239
-103.146721 18.979807
-103.154419 18.975357
-103.169823 18.966468
-103.180421 18.959797
-103.187623 18.95534
-103.19832 18.946399
-103.205522 18.94195
-103.218523 18.93303
-103.22822 18.92408
-103.235423 18.919629
-103.248225 18.922018
-103.254725 18.93339
-103.257426 18.944709
-103.262019 18.958328
-103.268421 18.971957
-103.273121 18.981048
-103.276324 18.990126
-103.280422 18.999218
-103.286022 19.006046
-103.29462 19.008394
-103.304721 19.003967
-103.311024 18.997236
-103.320721 18.986017
-103.325627 18.979278
-103.332326 18.972558
-103.344426 18.963617
-103.352124 18.959159
-103.362226 18.950207
-103.369924 18.94575
-103.380125 18.936799
-103.389723 18.932359
-103.397429 18.925639
-103.408423 18.921211
-103.421424 18.916801
-103.430923 18.91914
-103.440429 18.921479
-103.447525 18.926061
-103.461227 18.935219
-103.467331 18.942058
-103.473824 18.953418
-103.478325 18.969289
-103.479127 18.980596
-103.479425 18.991915
-103.484025 19.007775
-103.489129 19.014605
-103.501932 19.019225
-103.510026 19.026084
-103.51803 19.032936
-103.521227 19.042003
-103.519526 19.057822
-103.517031 19.069112
-103.519732 19.080442
-103.519525 19.091751
-103.513628 19.10527
-103.512026 19.1211
-103.505128 19.13235
-103.499826 19.141358
-103.502031 19.150419
-103.506228 19.159498
-103.509928 19.168578
-103.513628 19.177658
-103.511431 19.193477
-103.511332 19.204787
-103.50593 19.216055
-103.509127 19.227387
-103.510332 19.238714
-103.509333 19.243224
-103.506327 19.254526
-103.502329 19.263534
-103.49653 19.272542
-103.494028 19.281573
-103.491426 19.290602
-103.486528 19.301872
-103.487825 19.308672
-103.495928 19.31552
-103.507326 19.320143
-103.519229 19.324761
-103.527728 19.32935
-103.530833 19.34521
-103.536029 19.35431
-103.545932 19.363438
-103.554432 19.368017
-103.565434 19.372628
-103.573933 19.379489
-103.578633 19.386297
-103.584729 19.397669
-103.590329 19.404496
-103.597433 19.413595
-103.603032 19.422696
-103.609136 19.434054
-103.61373 19.443146
-103.61643 19.458994
-103.618131 19.470324
-103.618536 19.481644
-103.62123 19.490715
-103.629331 19.493034
-103.637137 19.488562
-103.647231 19.481853
-103.653037 19.475094
-103.666038 19.468393
-103.682433 19.461724
-103.695435 19.455025
-103.704636 19.446035
-103.710938 19.439284
-103.718231 19.430285
-103.721337 19.416727
-103.731438 19.410006
-103.748139 19.410108
-103.764535 19.405687
-103.775133 19.398966
-103.789034 19.394526
-103.800036 19.392327
-103.804934 19.385569
-103.814136 19.378838
-103.823634 19.381158
-103.828341 19.385718
-103.839939 19.378988
-103.856136 19.381338
-103.87724 19.381467
-103.887242 19.383786
-103.899244 19.381579
-103.909741 19.383898
-103.919737 19.386217
-103.932638 19.388547
-103.94554 19.388608
-103.957038 19.390938
-103.96794 19.395517
-103.978943 19.397826
-103.991439 19.397886
-104.006645 19.400227
-104.021042 19.400286
-104.02974 19.395807
-104.036942 19.391307
-104.047945 19.386838
-104.049043 19.375518
-104.052042 19.361957
-104.05684 19.355189
-104.062745 19.348429
-104.073244 19.346208
-104.080042 19.339451
-104.08484 19.332678
-104.088343 19.32138
-104.096545 19.314618
-104.106142 19.31241
-104.109545 19.303371
-104.118144 19.298881
-104.120646 19.289843
-104.128345 19.285341
-104.137042 19.280842
-104.148548 19.278631
-104.158542 19.27414
-104.169544 19.276442
-104.180051 19.274221
-104.187345 19.269713
-104.192646 19.260683
-104.20075 19.265233
-104.215551 19.265281
-104.225546 19.267583
-104.234647 19.272132
-104.241247 19.278942
-104.253752 19.276722
-104.261847 19.272223
-104.271453 19.269982
-104.282447 19.265483
-104.297347 19.265531
-104.30265 19.258751
-104.311248 19.254253
-104.31475 19.242943
-104.327149 19.245241
-104.336648 19.252052
-104.34665 19.249811
-104.356454 19.245464
-104.362054 19.238532
-104.369653 19.243083
-104.385553 19.236324
-104.397455 19.234094
-104.397851 19.247661
-104.405452 19.252202
-104.41315 19.247703
-104.425151 19.245452
-104.438953 19.243223
-104.440952 19.231914
-104.449153 19.225134
-104.458752 19.222883
-104.464557 19.213845
-104.467457 19.204804
-104.465656 19.193493
-104.473751 19.198024
-104.484753 19.195776
-104.493755 19.200315
-104.491353 19.211625
-104.497952 19.218423
-104.506153 19.211642
-104.519452 19.213924
-104.523755 19.222983
-104.533255 19.225255
-104.540556 19.213953
-104.547254 19.207174
-104.552557 19.200386
-104.560255 19.191343
-104.566054 19.184566
-104.575659 19.180045
-104.573759 19.168736
-104.576057 19.153466
-104.697557 19.181224
-104.675157 19.199703
-104.694658 19.223162
-104.73656 19.227033
-104.748661 19.248491
-104.767658 19.233873
-104.809964 19.249671
-104.81046 19.268699
-104.79546 19.285941
-104.796064 19.305498
-104.803662 19.311298
-104.830366 19.30463
-104.834165 19.296921
-104.856963 19.291449
-104.922165 19.309347
-105.028171 19.385974
-105.019969 19.400884
-105.037068 19.454842
-105.06377 19.465001
-105.068371 19.483921
-105.062069 19.48627
-105.105673 19.579226
-105.166671 19.585176
-105.167374 19.606924
-105.241472 19.663633
-105.385175 19.844593
-105.385283 19.847852
-105.441482 19.92951
-105.475984 19.964968
-105.48018 19.986626
-105.516985 20.019284
-105.516283 20.033465
-105.501284 20.033903
-105.550784 20.100481
-105.556286 20.228286
-105.656585 20.32653
-105.700386 20.408506
-105.698189 20.412397
-105.541088 20.496685
-105.334281 20.519593
-105.266576 20.572162
-105.251081 20.61344
-105.256376 20.651967
-105.262074 20.659038
-105.25488 20.673777
-105.245679 20.680596
-105.246175 20.685136
-105.244679 20.694204
-105.242277 20.696476
-105.24178 20.701007
-105.23988 20.705546
-105.234578 20.707834
-105.232579 20.712376
-105.22678 20.716925
-105.222478 20.719205
-105.220974 20.723735
-105.216176 20.726025
-105.214177 20.728294
-105.209873 20.728306
-105.205974 20.730584
-105.204075 20.732853
-105.19968 20.732864
-105.201175 20.737406
-105.20158 20.744195
-105.201176 20.748725
-105.190479 20.751022
-105.188075 20.753295
-105.188075 20.757834
-105.188076 20.764633
-105.186077 20.769163
-105.183673 20.771441
-105.182675 20.775972
-105.178874 20.778254
-105.174975 20.780521
-105.172077 20.782803
-105.171078 20.787342
-105.166278 20.789622
-105.166675 20.794153
-105.168178 20.803211
-105.168178 20.80775
-105.163279 20.812291
-105.161373 20.816831
-105.159374 20.821371
-105.155978 20.828169
-105.154078 20.83045
-105.147274 20.837269
-105.144374 20.839538
-105.140979 20.844079
-105.138576 20.84862
-105.135676 20.85089
-105.131274 20.853169
-105.128374 20.85544
-105.121073 20.859998
-105.117777 20.862268
-105.115779 20.866809
-105.113878 20.871349
-105.106577 20.875899
-105.104677 20.878158
-105.096872 20.882718
-105.091073 20.882726
-105.083276 20.887278
-105.077478 20.889557
-105.072672 20.891839
-105.067773 20.891849
-105.061074 20.891858
-105.055177 20.891868
-105.046074 20.889618
-105.042176 20.885097
-105.042672 20.88056
-105.041275 20.876039
-105.035476 20.876048
-105.022369 20.876059
-105.019974 20.878338
-105.016571 20.880608
-105.008369 20.878359
-105.002975 20.878367
-105.001075 20.880628
-104.99427 20.880648
-104.987471 20.878388
-104.970069 20.878408
-104.965673 20.882958
-104.961874 20.887489
-104.958472 20.892027
-104.953573 20.896579
-104.950674 20.898838
-104.945768 20.901117
-104.93617 20.901128
-104.934172 20.903387
-104.928373 20.903396
-104.916272 20.905679
-104.911869 20.907947
-104.907567 20.910218
-104.905567 20.917026
-104.903668 20.921556
-104.902173 20.926096
-104.900166 20.930626
-104.89777 20.932897
-104.892468 20.937435
-104.888569 20.939705
-104.886066 20.944235
-104.879368 20.946505
-104.87637 20.948776
-104.873966 20.951046
-104.868671 20.953326
-104.865772 20.955585
-104.860866 20.955587
-104.857472 20.957864
-104.854572 20.960126
-104.851665 20.969196
-104.852565 20.973725
-104.853069 20.980526
-104.839969 20.969205
-104.838069 20.973734
-104.837565 20.978265
-104.831271 20.978275
-104.827364 20.976004
-104.823466 20.978275
-104.816271 20.978274
-104.81087 20.978285
-104.804667 20.978285
-104.794969 20.978284
-104.790063 20.980554
-104.783365 20.976014
-104.777071 20.978284
-104.773165 20.976025
-104.768769 20.973755
-104.765465 20.971485
-104.756669 20.971494
-104.75097 20.969224
-104.745568 20.969226
-104.741669 20.971485
-104.737366 20.973754
-104.732468 20.973755
-104.732063 20.966966
-104.731568 20.962426
-104.733062 20.955626
-104.732163 20.951096
-104.728767 20.946556
-104.726868 20.944287
-104.721062 20.942027
-104.717667 20.939758
-104.714263 20.937486
-104.709968 20.937486
-104.707465 20.935227
-104.700767 20.930687
-104.699364 20.926156
-104.696967 20.923878
-104.689162 20.921618
-104.684867 20.919348
-104.682464 20.917079
-104.680068 20.910279
-104.67816 20.905746
-104.671866 20.903477
-104.667968 20.908007
-104.660261 20.903469
-104.657865 20.901199
-104.654966 20.898938
-104.649664 20.896669
-104.644864 20.892129
-104.640462 20.892119
-104.635664 20.892118
-104.629865 20.889859
-104.624058 20.889848
-104.619161 20.894369
-104.616765 20.896638
-104.612362 20.896629
-104.602666 20.898889
-104.597363 20.898879
-104.586765 20.896609
-104.573162 20.894319
-104.561557 20.88978
-104.555858 20.885239
-104.547664 20.878431
-104.545764 20.87163
-104.540957 20.867092
-104.539057 20.86256
-104.535159 20.85802
-104.531359 20.848951
-104.52656 20.846671
-104.52466 20.8444
-104.518358 20.842132
-104.515963 20.835332
-104.51066 20.830793
-104.504961 20.826252
-104.500657 20.819443
-104.499262 20.808104
-104.493456 20.803563
-104.483857 20.796754
-104.477159 20.787675
-104.470856 20.783125
-104.463158 20.780854
-104.459359 20.774045
-104.453057 20.771765
-104.446258 20.774025
-104.440956 20.771746
-104.431854 20.769456
-104.42366 20.764916
-104.416854 20.762633
-104.410155 20.760347
-104.407256 20.758077
-104.401954 20.753527
-104.398658 20.748995
-104.393858 20.742186
-104.38806 20.737637
-104.387159 20.730838
-104.381857 20.726287
-104.379957 20.721758
-104.380057 20.717227
-104.376157 20.712677
-104.368955 20.710398
-104.359259 20.710376
-104.351155 20.703557
-104.346852 20.696749
-104.340154 20.689928
-104.333355 20.687648
-104.325154 20.683088
-104.317952 20.678548
-104.310757 20.673999
-104.303555 20.66943
-104.299252 20.664888
-104.295451 20.66261
-104.290554 20.66487
-104.286151 20.66712
-104.280856 20.66937
-104.277949 20.67389
-104.279056 20.766794
-104.277552 20.778126
-104.273556 20.787174
-104.268657 20.793954
-104.26485 20.796204
-104.259952 20.800724
-104.256953 20.805244
-104.25645 20.814303
-104.25545 20.818832
-104.252955 20.823362
-104.251956 20.827893
-104.252856 20.832423
-104.254352 20.836964
-104.256656 20.841503
-104.255153 20.848302
-104.253154 20.852821
-104.252154 20.857352
-104.251155 20.864142
-104.251651 20.86868
-104.252056 20.87321
-104.252452 20.880021
-104.255351 20.88228
-104.252452 20.889069
-104.250957 20.8936
-104.24895 20.902658
-104.241053 20.9117
-104.231852 20.913937
-104.225055 20.91618
-104.219255 20.920699
-104.211955 20.92519
-104.207552 20.927449
-104.202654 20.929698
-104.195849 20.93421
-104.19385 20.93873
-104.19285 20.943258
-104.19185 20.947789
-104.19285 20.952318
-104.19475 20.956866
-104.197054 20.961406
-104.197549 20.965936
-104.195551 20.970465
-104.190652 20.977236
-104.188151 20.979497
-104.18625 20.986287
-104.184153 20.993086
-104.185151 20.997615
-104.186052 21.004426
-104.188456 21.011224
-104.190249 21.015765
-104.192156 21.022574
-104.198854 21.036205
-104.20315 21.045274
-104.206454 21.052084
-104.208354 21.054363
-104.212649 21.061175
-104.211153 21.067973
-104.208156 21.072494
-104.210055 21.077033
-104.211954 21.079301
-104.210055 21.083832
-104.209956 21.088371
-104.210857 21.095161
-104.210856 21.0997
-104.213251 21.106501
-104.217052 21.111051
-104.216556 21.11558
-104.214953 21.12465
-104.213054 21.12917
-104.211451 21.13596
-104.211954 21.142759
-104.207049 21.14275
-104.201755 21.144989
-104.200755 21.149518
-104.195849 21.154039
-104.188555 21.154019
-104.182749 21.153989
-104.177454 21.151709
-104.172548 21.14942
-104.167749 21.149399
-104.164354 21.14712
-104.160051 21.147099
-104.153748 21.147079
-104.148851 21.14706
-104.144547 21.147038
-104.138154 21.151549
-104.136254 21.149269
-104.134248 21.151538
-104.129952 21.151519
-104.125054 21.153758
-104.120247 21.153739
-104.11335 21.155978
-104.108551 21.155949
-104.101249 21.153658
-104.094948 21.155898
-104.092948 21.160428
-104.08615 21.160387
-104.080352 21.160369
-104.07405 21.160339
-104.07215 21.1558
-104.068351 21.153519
-104.064948 21.155759
-104.060545 21.15348
-104.057151 21.157999
-104.051748 21.162509
-104.047446 21.160219
-104.045446 21.162478
-104.040152 21.162449
-104.03575 21.162428
-104.031949 21.160137
-104.027547 21.157859
-104.020246 21.162348
-104.016851 21.164609
-104.018248 21.171417
-104.016248 21.173669
-104.012845 21.175919
-104.01045 21.173639
-104.006948 21.178149
-104.005049 21.182678
-104.002546 21.184938
-104.002546 21.189469
-104.00195 21.193998
-103.997144 21.196236
-103.993245 21.198488
-103.990247 21.200737
-103.989751 21.205267
-103.987744 21.209799
-103.984845 21.212037
-103.981847 21.214297
-103.979847 21.218817
-103.974546 21.218788
-103.971646 21.223308
-103.965245 21.225546
-103.960346 21.230046
-103.956448 21.232297
-103.956349 21.241366
-103.961147 21.243655
-103.958745 21.248164
-103.958645 21.254965
-103.959049 21.261766
-103.957044 21.266295
-103.956043 21.270816
-103.954548 21.277614
-103.954449 21.284415
-103.952451 21.288935
-103.950444 21.293464
-103.951848 21.298004
-103.947949 21.304772
-103.942044 21.309282
-103.939548 21.311533
-103.939045 21.316063
-103.93565 21.320583
-103.934543 21.325112
-103.932048 21.331893
-103.927745 21.331872
-103.924747 21.336391
-104.205654 21.512222
-104.165851 21.566473
-104.158152 21.58336
-104.114451 21.805182
-104.166057 21.850759
-104.369158 22.021564
-104.309762 22.213983
-104.049456 22.301101
-103.951347 22.298241
-103.920348 22.30938
-103.924147 22.32301
-103.920051 22.33431
-103.92385 22.34567
-103.930053 22.35476
-103.925551 22.363798
-103.924453 22.375128
-103.926246 22.386468
-103.919349 22.393228
-103.921653 22.402305
-103.92945 22.409158
-103.934752 22.418257
-103.929252 22.427287
-103.929046 22.438615
-103.926048 22.447655
-103.931351 22.454496
-103.928749 22.463544
-103.937554 22.468134
-103.945351 22.472714
-103.960953 22.475075
-103.97065 22.477403
-103.97995 22.484263
-103.990151 22.491123
-103.999353 22.497982
-104.007051 22.509351
-103.990053 22.704164
-103.749744 22.679836
-103.756243 22.56204
-103.84165 22.506013
-103.834149 22.442497
-103.856352 22.424527
-103.844548 22.35646
-103.859647 22.166199
-103.832042 22.145617
-103.802349 22.294972
-103.784648 22.303912
-103.751742 22.528021
-103.717347 22.543613
-103.706743 22.532191
-103.676346 22.531952
-103.627541 22.522483
-103.621643 22.492975
-103.606444 22.490585
-103.591941 22.483653
-103.595443 22.474624
-103.602942 22.467885
-103.607443 22.458855
-103.607642 22.440727
-103.60884 22.429406
-103.610144 22.409029
-103.613143 22.399987
-103.61624 22.38869
-103.618438 22.370571
-103.619643 22.35925
-103.623244 22.34342
-103.62744 22.323062
-103.630538 22.314012
-103.636642 22.300473
-103.643043 22.291453
-103.648643 22.277914
-103.650741 22.266602
-103.649039 22.252982
-103.646743 22.239366
-103.646941 22.225776
-103.647643 22.209915
-103.652739 22.194096
-103.660842 22.173766
-103.663543 22.155669
-103.667343 22.13303
-103.67044 22.11947
-103.671645 22.105869
-103.672744 22.094562
-103.670539 22.078672
-103.665741 22.069573
-103.654539 22.06722
-103.640944 22.067103
-103.623442 22.062422
-103.608739 22.064572
-103.590642 22.06894
-103.581739 22.075661
-103.574239 22.089192
-103.562436 22.095891
-103.549335 22.0935
-103.537136 22.091131
-103.523539 22.091
-103.514338 22.084131
-103.508639 22.072741
-103.497538 22.063581
-103.484438 22.058931
-103.470339 22.058792
-103.456635 22.060922
-103.444833 22.065343
-103.43844 22.072084
-103.435838 22.081122
-103.433137 22.096961
-103.430535 22.10826
-103.425935 22.124081
-103.422333 22.135371
-103.418732 22.146668
-103.411232 22.15793
-103.405235 22.166927
-103.393837 22.173607
-103.383034 22.178037
-103.375137 22.187027
-103.370536 22.198307
-103.369834 22.211894
-103.370933 22.234576
-103.372031 22.257243
-103.371833 22.268564
-103.369133 22.282133
-103.363632 22.291142
-103.358634 22.297893
-103.363937 22.304752
-103.371635 22.309352
-103.381837 22.313991
-103.388535 22.32539
-103.392738 22.334501
-103.398339 22.350411
-103.403535 22.359528
-103.408333 22.366368
-103.409539 22.384519
-103.403435 22.395789
-103.395936 22.409307
-103.389435 22.420578
-103.382934 22.429577
-103.373436 22.440806
-103.369332 22.449828
-103.362434 22.456566
-103.354431 22.463276
-103.348434 22.470015
-103.340133 22.474465
-103.331237 22.478905
-103.321532 22.472004
-103.315337 22.462876
-103.308135 22.453736
-103.303931 22.442358
-103.292937 22.428648
-103.287634 22.421788
-103.276136 22.410338
-103.266034 22.401157
-103.255932 22.391991
-103.24873 22.385111
-103.241429 22.380501
-103.233235 22.37588
-103.215229 22.366622
-103.205127 22.359711
-103.19643 22.355081
-103.181827 22.348121
-103.171228 22.3412
-103.169032 22.329842
-103.177126 22.314072
-103.182727 22.302804
-103.191233 22.289305
-103.203128 22.280363
-103.217434 22.271463
-103.221531 22.262443
-103.215732 22.253325
-103.200732 22.248626
-103.188532 22.248485
-103.177233 22.252895
-103.16833 22.257325
-103.150232 22.259386
-103.138032 22.259245
-103.124924 22.256815
-103.113328 22.249884
-103.094825 22.242865
-103.08123 22.240447
-103.077827 22.240396
-103.068023 22.240287
-103.057227 22.242415
-103.040229 22.239937
-103.033026 22.235326
-103.030722 22.226227
-103.031927 22.214917
-103.034528 22.205887
-103.039625 22.192358
-103.046126 22.18564
-103.053626 22.17667
-103.06063 22.167689
-103.068626 22.158719
-103.075225 22.145199
-103.08023 22.1362
-103.08673 22.127212
-103.092728 22.118221
-103.096229 22.11373
-103.103225 22.107013
-103.10823 22.100282
-103.114624 22.093552
-103.122124 22.084581
-103.126724 22.075563
-103.129829 22.064274
-103.129128 22.050663
-103.122925 22.043794
-103.11473 22.036913
-103.10463 22.029985
-103.091125 22.023035
-103.088829 22.013944
-103.092925 22.004924
-103.098427 21.995925
-103.10633 21.991487
-103.113724 21.984777
-103.117729 21.980296
-103.127526 21.973618
-103.137528 21.960137
-103.136329 21.948788
-103.140831 21.939788
-103.15133 21.92857
-103.164529 21.9242
-103.175325 21.922059
-103.18693 21.924451
-103.203028 21.92236
-103.215632 21.92476
-103.224329 21.929399
-103.237826 21.936338
-103.245127 21.940947
-103.257732 21.943349
-103.27383 21.943519
-103.287029 21.941409
-103.295331 21.936958
-103.336736 21.912469
-103.371229 21.88336
-103.390433 21.87222
-103.40853 21.867859
-103.480935 21.780195
-103.486436 21.771185
-103.497339 21.757695
-103.502335 21.750934
-103.509836 21.739676
-103.51784 21.723896
-103.522837 21.714877
-103.529436 21.699079
-103.532038 21.687768
-103.533137 21.676448
-103.534334 21.662869
-103.534037 21.647011
-103.532336 21.635659
-103.531534 21.624331
-103.533136 21.61075
-103.532938 21.597152
-103.533533 21.585832
-103.531633 21.581293
-103.535234 21.572253
-103.535936 21.558673
-103.537736 21.536033
-103.542239 21.524745
-103.54674 21.515725
-103.554636 21.504466
-103.56254 21.497745
-103.57284 21.488765
-103.585636 21.482076
-103.599734 21.475407
-103.617839 21.468768
-103.634937 21.459847
-103.645642 21.457667
-103.660741 21.457797
-103.67484 21.457898
-103.685942 21.462518
-103.693036 21.471647
-103.698743 21.483017
-103.710341 21.485366
-103.716338 21.476348
-103.716544 21.458228
-103.712339 21.446869
-103.713438 21.435558
-103.71604 21.426507
-103.718138 21.415201
-103.71884 21.397078
-103.715139 21.381201
-103.712439 21.367582
-103.714239 21.364551
-103.715742 21.360033
-103.716742 21.355502
-103.720244 21.350991
-103.726141 21.341963
-103.729643 21.337452
-103.734542 21.328423
-103.738044 21.319374
-103.741042 21.312593
-103.742644 21.305802
-103.74124 21.298994
-103.741339 21.292195
-103.745344 21.283166
-103.746841 21.278634
-103.749838 21.274135
-103.753341 21.265085
-103.758238 21.258316
-103.765144 21.247027
-103.772545 21.240276
-103.777938 21.231245
-103.78144 21.222207
-103.783042 21.217678
-103.783538 21.210887
-103.783141 21.206348
-103.781745 21.197269
-103.778945 21.192719
-103.776542 21.188169
-103.775642 21.183628
-103.772743 21.18135
-103.770438 21.176799
-103.763641 21.174489
-103.755438 21.17444
-103.747138 21.174379
-103.736945 21.17658
-103.727239 21.178788
-103.717939 21.18098
-103.709242 21.180928
-103.695638 21.185369
-103.684941 21.187558
-103.677639 21.187509
-103.666042 21.187428
-103.65884 21.182839
-103.653537 21.178269
-103.647334 21.169159
-103.642138 21.157789
-103.638439 21.14416
-103.634235 21.137329
-103.631839 21.130522
-103.622241 21.123651
-103.614039 21.119051
-103.600039 21.121213
-103.587938 21.121123
-103.569536 21.118712
-103.555039 21.116333
-103.542038 21.111694
-103.532433 21.104824
-103.518936 21.100184
-103.509231 21.095573
-103.493835 21.090904
-103.481231 21.088533
-103.473136 21.083945
-103.461035 21.083835
-103.447836 21.085984
-103.437635 21.088162
-103.426534 21.090344
-103.419835 21.083475
-103.413236 21.072094
-103.408033 21.062987
-103.402333 21.056134
-103.39713 21.047015
-103.383129 21.042366
-103.371028 21.039986
-103.356029 21.039857
-103.342829 21.046527
-103.333232 21.041906
-103.323131 21.039547
-103.313028 21.037186
-103.307329 21.034137
-103.30433 21.032568
-103.295732 21.027946
-103.282632 21.030086
-103.274232 21.036807
-103.267327 21.043545
-103.25953 21.050267
-103.24543 21.050126
-103.234825 21.052286
-103.223129 21.056705
-103.214729 21.063416
-103.202529 21.067825
-103.187629 21.063135
-103.177526 21.056236
-103.157828 21.049236
-103.149725 21.044616
-103.136724 21.039947
-103.123723 21.035278
-103.110623 21.035126
-103.098927 21.037266
-103.086826 21.039408
-103.071224 21.043776
-103.063426 21.050488
-103.060825 21.059515
-103.067424 21.068656
-103.072521 21.080046
-103.080623 21.089194
-103.08482 21.098304
-103.089024 21.109684
-103.090123 21.125552
-103.08662 21.136842
-103.081021 21.150382
-103.076924 21.161673
-103.075725 21.17525
-103.075024 21.186581
-103.072827 21.20242
-103.071225 21.21373
-103.064724 21.224987
-103.05872 21.231719
-103.052822 21.240718
-103.04082 21.245389
-103.033626 21.240778
-103.026423 21.236147
-103.020319 21.22702
-103.01082 21.217848
-103.000719 21.213189
-102.994524 21.20632
-102.858221 21.21362
-102.861418 21.224987
-102.859618 21.240818
-102.852621 21.254319
-102.845617 21.263289
-102.83872 21.269986
-102.824018 21.278847
-102.80882 21.285437
-102.789418 21.287437
-102.766216 21.282587
-102.753215 21.280138
-102.743816 21.286797
-102.742618 21.300366
-102.743313 21.311706
-102.743518 21.323035
-102.736515 21.334253
-102.726817 21.336384
-102.711719 21.338436
-102.697214 21.338235
-102.696818 21.311036
-102.674112 21.326566
-102.66971 21.328766
-102.662317 21.333197
-102.64911 21.342065
-102.646417 21.351085
-102.65001 21.366994
-102.658616 21.373915
-102.669611 21.380862
-102.676615 21.390022
-102.677911 21.401373
-102.671914 21.410341
-102.660615 21.412452
-102.65091 21.414572
-102.639809 21.412141
-102.629617 21.41425
-102.632615 21.498109
-102.642717 21.500528
-102.657717 21.505277
-102.667315 21.507688
-102.681315 21.514687
-102.693813 21.519387
-102.702418 21.526315
-102.706515 21.537697
-102.711612 21.549096
-102.716815 21.558235
-102.727818 21.562926
-102.738018 21.565334
-102.753415 21.574605
-102.763417 21.581544
-102.768513 21.592934
-102.775617 21.604363
-102.776715 21.617973
-102.777517 21.629312
-102.775319 21.642871
-102.772619 21.651891
-102.770017 21.660921
-102.76592 21.672191
-102.760914 21.68119
-102.754315 21.690161
-102.747914 21.696849
-102.738919 21.705799
-102.729114 21.71246
-102.722118 21.719149
-102.714215 21.725839
-102.699512 21.732416
-102.685816 21.734477
-102.671718 21.736548
-102.661417 21.736397
-102.651217 21.736248
-102.642114 21.729318
-102.626214 21.722279
-102.606912 21.715198
-102.592911 21.71046
-102.580414 21.705729
-102.561507 21.703188
-102.553809 21.698542
-102.425808 21.642152
-102.392505 21.632543
-102.368807 21.637222
-102.355105 21.641543
-102.338503 21.641283
-102.323907 21.641053
-102.313409 21.636344
-102.297501 21.629283
-102.283501 21.622256
-102.273101 21.613024
-102.259902 21.615073
-102.249603 21.619444
-102.237701 21.628314
-102.227706 21.637213
-102.216299 21.648352
-102.203802 21.661742
-102.19 21.670582
-102.176198 21.679411
-102.165204 21.690562
-102.1582 21.697252
-102.148197 21.7084
-102.130299 21.723969
-102.114498 21.735029
-102.107997 21.74171
-102.100498 21.748379
-102.091502 21.757289
-102.084499 21.763968
-102.083202 21.771788
-102.077998 21.780706
-102.072397 21.787358
-102.069003 21.800858
-102.064699 21.812076
-102.0544 21.827667
-102.049296 21.834315
-102.038698 21.843095
-102.030695 21.849673
-102.022294 21.853966
-102.012399 21.858224
-101.999101 21.862393
-101.984497 21.861975
-101.9739 21.860323
-101.962295 21.862856
-101.949097 21.865425
-101.932296 21.872594
-101.915297 21.877503
-101.897993 21.886964
-101.890295 21.891663
-101.889098 21.905282
-101.886991 21.918934
