-100.365547 20.273217
-100.35875 20.275407
-100.353851 20.282146
-100.34655 20.286585
-100.33805 20.279696
-100.328453 20.275067
-100.318449 20.272686
-100.310348 20.268068
-100.301253 20.263437
-100.289746 20.258776
-100.27545 20.254087
-100.258649 20.251617
-100.248647 20.246977
-100.239048 20.2446
-100.225652 20.242168
-100.217143 20.235278
-100.210948 20.228409
-100.199146 20.219208
-100.189648 20.210039
-100.180644 20.203139
-100.176142 20.18723
-100.174043 20.169092
-100.165843 20.146352
-100.163645 20.137274
-100.162547 20.119142
-100.163247 20.107834
-100.16595 20.092024
-100.168147 20.073947
-100.16595 20.062596
-100.163347 20.051256
-100.161647 20.039906
-100.159846 20.028567
-100.160144 20.017258
-100.157945 20.003648
-100.153345 19.994539
-100.147744 19.98315
-100.139848 19.96947
-100.133347 19.958069
-100.131844 19.948541
-100.130646 19.944022
-100.129243 19.939511
-100.127542 19.934991
-100.124147 19.929342
-100.121543 19.925971
-100.120347 19.920313
-100.117944 19.913532
-100.111946 19.903383
-100.108841 19.897733
-100.105546 19.886444
-100.103339 19.875144
-100.102843 19.869483
-100.101647 19.862706
-100.101441 19.853656
-100.101744 19.844615
-100.10504 19.836686
-100.107446 19.832157
-100.110344 19.827615
-100.113944 19.823085
-100.116547 19.819677
-100.119447 19.815147
-100.123542 19.810606
-100.128045 19.804926
-100.131645 19.799267
-100.135042 19.793598
-100.137642 19.789066
-100.140045 19.784527
-100.143243 19.779989
-100.148248 19.773187
-100.151345 19.768658
-100.154946 19.762978
-100.158045 19.758448
-100.162842 19.751649
-100.165246 19.748238
-100.168145 19.74145
-100.170243 19.735791
-100.170045 19.729008
-100.177041 19.71767
-100.178446 19.710871
-100.181047 19.704082
-100.182947 19.697282
-100.184442 19.690491
-100.187342 19.682571
-100.189248 19.675771
-100.191644 19.668982
-100.194444 19.658795
-100.197145 19.653124
-100.199045 19.647464
-100.201142 19.639543
-100.201945 19.632753
-100.204041 19.624834
-100.205446 19.619175
-100.207445 19.613515
-100.209542 19.607846
-100.211444 19.601056
-100.213343 19.594256
-100.216043 19.586336
-100.217647 19.581808
-100.220049 19.577278
-100.222444 19.571608
-100.224643 19.565947
-100.22755 19.556887
-100.227748 19.551237
-100.227443 19.54219
-100.225344 19.537679
-100.220544 19.534309
-100.222743 19.527518
-100.223644 19.521869
-100.224344 19.51507
-100.224643 19.508288
-100.225343 19.5015
-100.226345 19.493581
-100.225542 19.485682
-100.224344 19.476642
-100.222742 19.469862
-100.222742 19.463082
-100.222247 19.457433
-100.221742 19.449523
-100.221544 19.443862
-100.220545 19.438222
-100.221248 19.431434
-100.221949 19.421254
-100.222445 19.415603
-100.222444 19.407696
-100.221949 19.402034
-100.219844 19.396405
-100.223443 19.390735
-100.228449 19.385056
-100.232942 19.382764
-100.237948 19.380494
-100.245348 19.379325
-100.250148 19.377046
-100.258045 19.373606
-100.266848 19.371306
-100.275044 19.367876
-100.284047 19.365577
-100.292643 19.363267
-100.30035 19.362097
-100.310148 19.356397
-100.315144 19.354117
-100.322752 19.351806
-100.328947 19.350647
-100.33585 19.348347
-100.342146 19.344926
-100.339452 19.340418
-100.33775 19.334778
-100.335851 19.330268
-100.333446 19.325759
-100.331051 19.318988
-100.328253 19.314479
-100.324849 19.309977
-100.321249 19.303218
-100.318845 19.299839
-100.315349 19.29534
-100.311444 19.291109
-100.293751 19.260413
-100.316647 19.217353
-100.359548 19.141397
-100.381451 19.096068
-100.379247 19.091568
-100.376646 19.085929
-100.372846 19.0803
-100.369946 19.075799
-100.366146 19.07017
-100.367048 19.06113
-100.366346 19.05548
-100.364445 19.050969
-100.363249 19.04533
-100.361348 19.040822
-100.357945 19.035181
-100.355351 19.02956
-100.352948 19.023921
-100.355351 19.020513
-100.358448 19.017112
-100.362745 19.013701
-100.367247 19.010282
-100.371746 19.006862
-100.37625 19.003451
-100.381048 19.000041
-100.385152 18.997753
-100.390348 18.994333
-100.39485 18.992043
-100.400351 18.987494
-100.404151 18.984084
-100.409345 18.980663
-100.415548 18.976103
-100.41815 18.972703
-100.420547 18.968164
-100.423149 18.962493
-100.426254 18.955702
-100.427648 18.951173
-100.42955 18.945515
-100.431747 18.939856
-100.434752 18.931925
-100.437147 18.925136
-100.439048 18.919476
-100.441154 18.913816
-100.444052 18.907016
-100.44805 18.899077
-100.455946 18.887738
-100.460151 18.878668
-100.464249 18.871869
-100.46685 18.866209
-100.469649 18.861667
-100.472053 18.858269
-100.489852 18.859558
-100.501756 18.863998
-100.513155 18.866189
-100.529351 18.868328
-100.551257 18.870428
-100.573153 18.87028
-100.592151 18.867878
-100.606455 18.870028
-100.616956 18.867698
-100.627353 18.858578
-100.633557 18.85176
-100.641552 18.840408
-100.648656 18.829048
-100.656254 18.822219
-100.671452 18.810811
-100.683356 18.810711
-100.693852 18.815151
-100.705259 18.817309
-100.715757 18.824002
-100.728561 18.823891
-100.742858 18.81926
-100.750456 18.814681
-100.761856 18.80781
-100.772256 18.798681
-100.777457 18.791861
-100.784561 18.780511
-100.787858 18.769183
-100.792062 18.757853
-100.791061 18.742054
-100.790459 18.728513
-100.78286 18.712766
-100.778061 18.706035
-100.772255 18.699305
-100.759856 18.688116
-100.748952 18.679175
-100.739355 18.672476
-100.736059 18.663478
-100.735959 18.652187
-100.735854 18.634117
-100.732953 18.61157
-100.730954 18.59577
-100.729055 18.579992
-100.724652 18.568732
-100.720855 18.559732
-100.717954 18.548462
-100.714156 18.537201
-100.711256 18.528202
-100.707852 18.512424
-100.704053 18.503425
-100.701153 18.494424
-100.695858 18.487686
-100.691158 18.480955
-100.681651 18.471997
-100.672055 18.463046
-100.660656 18.456366
-100.650654 18.449677
-100.64255 18.440707
-100.633556 18.436259
-100.624553 18.429557
-100.613551 18.420609
-100.599352 18.407168
-100.592151 18.400449
-100.593554 18.39142
-100.598253 18.38461
-100.604953 18.377789
-100.613855 18.37094
-100.621455 18.36411
-100.62945 18.35728
-100.645557 18.352642
-100.656956 18.35481
-100.666552 18.366021
-100.673657 18.37048
-100.681254 18.37493
-100.685056 18.38393
-100.689855 18.39518
-100.702657 18.40184
-100.708858 18.392759
-100.720257 18.399449
-100.730657 18.406128
-100.74256 18.408288
-100.749753 18.417257
-100.757759 18.421707
-100.767759 18.428386
-100.773558 18.439625
-100.780258 18.446347
-100.784957 18.455328
-100.798758 18.459726
-100.808762 18.457378
-100.82106 18.455016
-100.833458 18.459415
-100.845758 18.461565
-100.85766 18.463716
-100.866663 18.468135
-100.875659 18.456767
-100.882761 18.452186
-100.898364 18.443008
-100.911159 18.445135
-100.918261 18.436047
-100.926264 18.431458
-100.935359 18.435875
-100.945262 18.431267
-100.955661 18.428907
-100.961865 18.437877
-100.963459 18.453665
-100.967762 18.462656
-100.974865 18.469356
-100.982563 18.476046
-100.994862 18.478185
-101.002066 18.484884
-101.005865 18.493873
-101.014067 18.505083
-101.027761 18.504944
-101.037764 18.502574
-101.055266 18.497882
-101.064764 18.493262
-101.078467 18.490863
-101.09227 18.492974
-101.108963 18.495045
-101.128365 18.494833
-101.141663 18.499205
-101.154565 18.499064
-101.164064 18.501212
-101.178766 18.505564
-101.195467 18.512143
-101.212566 18.514202
-101.228671 18.514021
-101.242473 18.513863
-101.26247 18.515883
-101.276173 18.517972
-101.289968 18.513284
-101.302274 18.510883
-101.317473 18.508444
-101.329069 18.505973
-101.349173 18.501274
-101.358176 18.492123
-101.366675 18.485243
-101.376175 18.487382
-101.392371 18.491702
-101.403671 18.489283
-101.41127 18.484685
-101.422577 18.480014
-101.432977 18.475366
-101.447274 18.475175
-101.462877 18.470465
-101.472376 18.468073
-101.482279 18.465685
-101.50178 18.467685
-101.518878 18.471955
-101.52898 18.478602
-101.538478 18.480733
-101.546078 18.485134
-101.55608 18.489512
-101.563778 18.496182
-101.570981 18.502861
-101.580075 18.509513
-101.586782 18.518452
-101.58978 18.527431
-101.588476 18.538751
-101.593679 18.545451
-101.601377 18.55211
-101.608579 18.55879
-101.616782 18.56545
-101.624876 18.572109
-101.631178 18.578799
-101.64588 18.578581
-101.655783 18.576178
-101.666282 18.578288
-101.676681 18.571358
-101.68898 18.566659
-101.701378 18.568739
-101.708382 18.564119
-101.713082 18.552759
-101.721184 18.55715
-101.72458 18.566129
-101.722779 18.577448
-101.733781 18.57955
-101.743684 18.574879
-101.760286 18.57463
-101.780284 18.572068
-101.797381 18.5718
-101.808185 18.567119
-101.816287 18.562477
-101.828487 18.555509
-101.843685 18.55075
-101.855488 18.543791
-101.868985 18.536409
-101.870885 18.530083
-101.872487 18.526471
-101.873784 18.522852
-101.876187 18.51653
-101.878286 18.512912
-101.880788 18.508401
-101.883489 18.502982
-101.885388 18.499362
-101.887685 18.493943
-101.890584 18.486712
-101.894085 18.481303
-101.89829 18.474974
-101.900083 18.468654
-101.900083 18.461415
-101.897084 18.456884
-101.893384 18.450545
-101.889188 18.445115
-101.886388 18.440586
-101.884884 18.436965
-101.884984 18.431545
-101.884389 18.427016
-101.883283 18.422495
-101.880886 18.416155
-101.878986 18.412546
-101.878689 18.408016
-101.882588 18.398986
-101.884884 18.390857
-101.886686 18.382717
-101.888486 18.372778
-101.888486 18.364638
-101.888584 18.35832
-101.88799 18.35379
-101.884884 18.347449
-101.882184 18.34202
-101.881283 18.3366
-101.880383 18.332979
-101.879086 18.326649
-101.877583 18.322131
-101.876683 18.316701
-101.875088 18.312171
-101.873783 18.30765
-101.872684 18.304031
-101.871387 18.299511
-101.870983 18.294081
-101.871289 18.288662
-101.875584 18.287762
-101.876187 18.282342
-101.876088 18.276923
-101.875889 18.271502
-101.875187 18.266973
-101.873089 18.264263
-101.872188 18.259733
-101.874188 18.256122
-101.877789 18.254324
-101.876087 18.246184
-101.879383 18.243483
-101.884083 18.244392
-101.891087 18.247124
-101.896984 18.248034
-101.902089 18.250753
-101.907788 18.249863
-101.910489 18.245344
-101.911687 18.241744
-101.91229 18.237214
-101.912984 18.232694
-101.914983 18.228184
-101.917989 18.223674
-101.921086 18.220066
-101.926984 18.216455
-101.930288 18.213745
-101.934484 18.211044
-101.938788 18.209246
-101.94399 18.204735
-101.950285 18.203847
-101.95609 18.202946
-101.963591 18.202956
-101.969191 18.202965
-101.974486 18.202974
-101.979689 18.203886
-101.984092 18.199375
-101.985388 18.191247
-101.987685 18.187627
-101.99079 18.185827
-101.99459 18.182216
-101.99919 18.180417
-102.00489 18.177708
-102.00869 18.175006
-102.016288 18.175007
-102.021789 18.175016
-102.027886 18.175925
-102.032989 18.177736
-102.038689 18.175937
-102.044586 18.175037
-102.049287 18.171436
-102.053086 18.168716
-102.058289 18.166018
-102.06379 18.165117
-102.069092 18.163317
-102.073793 18.161507
-102.07969 18.160618
-102.086588 18.160618
-102.09279 18.160618
-102.10039 18.161527
-102.105188 18.159727
-102.109888 18.158817
-102.114291 18.157917
-102.119593 18.157927
-102.124492 18.157017
-102.130793 18.156128
-102.135196 18.155216
-102.14049 18.156128
-102.144596 18.154319
-102.149791 18.150708
-102.152789 18.148897
-102.154796 18.144377
-102.156993 18.141667
-102.16029 18.138047
-102.206295 18.014474
-102.221097 18.010563
-102.187893 17.916917
-102.197491 17.907619
-102.297697 17.957255
-102.316498 17.964147
-102.463801 18.002414
-102.705903 18.036222
-103.041812 18.184594
-103.070514 18.170074
-103.096715 18.172975
-103.106015 18.188593
-103.235016 18.225281
-103.482123 18.316436
-103.538124 18.387743
-103.576029 18.470221
-103.676732 18.582004
-103.681936 18.585175
-103.695333 18.632201
-103.707335 18.65971
-103.725333 18.673771
-103.71443 18.692919
-103.70973 18.701989
-103.710333 18.715528
-103.704634 18.722357
-103.696134 18.726959
-103.689535 18.733807
-103.682935 18.740646
-103.671933 18.743018
-103.658635 18.745408
-103.643529 18.754596
-103.630733 18.763756
-103.62753 18.777335
-103.626629 18.793134
-103.627629 18.804414
-103.623929 18.815735
-103.629132 18.815674
-103.63493 18.822395
-103.640233 18.833623
-103.636029 18.842694
-103.628934 18.849543
-103.621335 18.854121
-103.610829 18.851972
-103.603229 18.847544
-103.59463 18.840854
-103.584529 18.841205
-103.576328 18.845664
-103.572428 18.854691
-103.562731 18.865922
-103.55453 18.872642
-103.541132 18.874803
-103.536325 18.88381
-103.537531 18.89512
-103.527033 18.897301
-103.515031 18.906262
-103.515329 18.917568
-103.509927 18.926569
-103.501726 18.933288
-103.494531 18.94002
-103.496629 18.955869
-103.495927 18.971687
-103.494829 18.982986
-103.496927 19.001095
-103.49923 19.010164
-103.501932 19.019225
-103.489129 19.014605
-103.484025 19.007775
-103.479425 18.991915
-103.479127 18.980596
-103.478325 18.969289
-103.473824 18.953418
-103.467331 18.942058
-103.461227 18.935219
-103.447525 18.926061
-103.440429 18.921479
-103.430923 18.91914
-103.421424 18.916801
-103.408423 18.921211
-103.397429 18.925639
-103.389723 18.932359
-103.380125 18.936799
-103.369924 18.94575
-103.362226 18.950207
-103.352124 18.959159
-103.344426 18.963617
-103.332326 18.972558
-103.325627 18.979278
-103.320721 18.986017
-103.311024 18.997236
-103.304721 19.003967
-103.29462 19.008394
-103.286022 19.006046
-103.280422 18.999218
-103.276324 18.990126
-103.273121 18.981048
-103.268421 18.971957
-103.262019 18.958328
-103.257426 18.944709
-103.254725 18.93339
-103.248225 18.922018
-103.235423 18.919629
-103.22822 18.92408
-103.218523 18.93303
-103.205522 18.94195
-103.19832 18.946399
-103.187623 18.95534
-103.180421 18.959797
-103.169823 18.966468
-103.154419 18.975357
-103.146721 18.979807
-103.138519 18.984239
-103.128921 18.988667
-103.114921 18.997557
-103.101515 19.004208
-103.088018 19.010846
-103.074621 19.015226
-103.06732 19.019674
-103.057218 19.026345
-103.049916 19.033055
-103.037916 19.037446
-103.027318 19.046376
-103.017216 19.048525
-103.008519 19.052946
-102.996014 19.061855
-102.985913 19.066264
-102.981014 19.072993
-102.975117 19.081974
-102.968211 19.090942
-102.961414 19.099911
-102.954112 19.106612
-102.947414 19.111051
-102.939616 19.115481
-102.931414 19.11992
-102.919916 19.126562
-102.911616 19.135511
-102.898912 19.14894
-102.893618 19.155651
-102.884813 19.16234
-102.868814 19.177969
-102.86001 19.18692
-102.848511 19.191299
-102.833511 19.197898
-102.818711 19.199978
-102.808609 19.202109
-102.796714 19.201969
-102.783309 19.201799
-102.77951 19.199488
-102.772413 19.199387
-102.76911 19.197089
-102.767211 19.194798
-102.762411 19.194739
-102.756307 19.192398
-102.751012 19.19233
-102.746313 19.190009
-102.743513 19.187709
-102.74111 19.185409
-102.73541 19.185339
-102.729207 19.182999
-102.721609 19.180639
-102.717313 19.180581
-102.71211 19.18051
-102.704511 19.17815
-102.697812 19.175801
-102.689312 19.17342
-102.684505 19.17336
-102.681111 19.177838
-102.676311 19.180029
-102.674305 19.182271
-102.67091 19.184489
-102.668911 19.18898
-102.666508 19.191209
-102.664508 19.193449
-102.663509 19.197959
-102.661007 19.202449
-102.658007 19.209199
-102.655506 19.213689
-102.652507 19.220428
-102.649104 19.227168
-102.64461 19.236157
-102.642504 19.245166
-102.641406 19.249686
-102.640308 19.256457
-102.634006 19.263155
-102.630503 19.269896
-102.628009 19.276646
-102.621509 19.287865
-102.614207 19.296815
-102.608408 19.301264
-102.600008 19.310193
-102.589906 19.316844
-102.580606 19.325753
-102.575204 19.332473
-102.572206 19.339213
-102.567208 19.350452
-102.560204 19.361671
-102.554803 19.36837
-102.550408 19.3751
-102.548402 19.377342
-102.548303 19.381861
-102.549607 19.388669
-102.551004 19.39321
-102.552804 19.397761
-102.555604 19.402319
-102.557809 19.40914
-102.560503 19.418228
-102.563608 19.429589
-102.565408 19.434149
-102.566706 19.440948
-102.56991 19.450049
-102.572603 19.456866
-102.576807 19.463718
-102.580904 19.470556
-102.581805 19.477366
-102.591708 19.479777
-102.60361 19.484457
-102.62411 19.487006
-102.629504 19.480295
-102.639705 19.475907
-102.65221 19.471557
-102.660412 19.467138
-102.675411 19.462807
-102.686909 19.460707
-102.696508 19.458568
-102.706113 19.456446
-102.715612 19.458828
-102.722708 19.463446
-102.723508 19.474766
-102.717512 19.488266
-102.707608 19.501716
-102.704008 19.517503
-102.706212 19.526584
-102.712606 19.542502
-102.715208 19.551603
-102.717412 19.562942
-102.720007 19.576551
-102.723609 19.590179
-102.724814 19.601512
-102.730811 19.61291
-102.73831 19.622052
-102.744308 19.631191
-102.749908 19.640318
-102.760215 19.651758
-102.772514 19.660969
-102.77961 19.665598
-102.787209 19.670216
-102.791412 19.677057
-102.796509 19.686177
-102.797112 19.699766
-102.793611 19.711036
-102.78621 19.722254
-102.775413 19.731176
-102.764709 19.740082
-102.755111 19.742224
-102.750213 19.748953
-102.743712 19.762444
-102.743811 19.780564
-102.743515 19.794141
-102.739509 19.805402
-102.729712 19.814332
-102.721907 19.82102
-102.718314 19.830031
-102.721908 19.841389
-102.731414 19.84831
-102.738509 19.855189
-102.748009 19.859838
-102.759812 19.86905
-102.769814 19.871449
-102.787514 19.873939
-102.807709 19.874189
-102.822016 19.878898
-102.839213 19.885897
-102.843813 19.892758
-102.847017 19.904105
-102.849215 19.915456
-102.859515 19.926915
-102.870112 19.924776
-102.877414 19.920337
-102.892414 19.915987
-102.900013 19.920606
-102.906612 19.927477
-102.913716 19.932096
-102.921315 19.936714
-102.927914 19.943583
-102.935513 19.948194
-102.941617 19.955064
-102.952016 19.964243
-102.967817 19.968955
-102.976019 19.964524
-102.983816 19.957815
-102.990316 19.946575
-102.992414 19.935277
-102.988714 19.926175
-103.003119 19.926345
-103.017417 19.931037
-103.030319 19.935704
-103.041916 19.933574
-103.042717 19.917734
-103.052322 19.913305
-103.062318 19.920204
-103.071824 19.927106
-103.078919 19.933984
-103.087418 19.940865
-103.08532 19.949895
-103.07792 19.958875
-103.068322 19.961032
-103.059121 19.965455
-103.052322 19.972175
-103.044518 19.978883
-103.039521 19.985621
-103.033622 19.994614
-103.023918 19.999031
-103.021423 20.008061
-103.022621 20.019392
-103.032219 20.021762
-103.032516 20.03309
-103.034721 20.04217
-103.037819 20.055791
-103.040016 20.067129
-103.037423 20.080688
-103.044022 20.089818
-103.044716 20.103406
-103.044022 20.114726
-103.039016 20.125987
-103.038819 20.137306
-103.041023 20.146394
-103.027024 20.150767
-103.010223 20.150576
-102.992316 20.152636
-102.980216 20.157026
-102.967215 20.159136
-102.957617 20.161294
-102.939718 20.165615
-102.924314 20.165426
-102.908414 20.165234
-102.895413 20.165085
-102.882518 20.162655
-102.868114 20.160215
-102.856014 20.162336
-102.843516 20.164446
-102.830416 20.171075
-102.80961 20.175345
-102.798013 20.177456
-102.781114 20.181775
-102.761315 20.183785
-102.746911 20.185855
-102.739113 20.190284
-102.728409 20.194666
-102.70481 20.194353
-102.69181 20.194184
-102.678313 20.198533
-102.639212 20.204785
-102.627507 20.209154
-102.615911 20.213525
-102.606206 20.217914
-102.596508 20.222313
-102.588207 20.226723
-102.58041 20.233404
-102.573505 20.240093
-102.563709 20.246753
-102.551203 20.248844
-102.537204 20.248633
-102.522807 20.248423
-102.518206 20.259682
-102.520404 20.268772
-102.509203 20.273142
-102.500009 20.277532
-102.488505 20.275091
-102.481104 20.281782
-102.476206 20.288501
-102.468407 20.292921
-102.458603 20.297301
-102.444702 20.297091
-102.437805 20.303771
-102.425705 20.30585
-102.417701 20.298952
-102.405601 20.29876
-102.400505 20.291891
-102.3889 20.29397
-102.378203 20.298332
-102.364302 20.295852
-102.350806 20.297912
-102.344099 20.305991
-102.3337 20.306699
-102.326398 20.311111
-102.315305 20.313199
-102.303602 20.31754
-102.292005 20.319621
-102.282497 20.31267
-102.275402 20.30802
-102.258601 20.307761
-102.248897 20.309861
-102.235896 20.30965
-102.221796 20.31394
-102.213495 20.320601
-102.210902 20.329621
-102.204798 20.322719
-102.195101 20.32482
-102.178796 20.322278
-102.172395 20.328969
-102.162095 20.335591
-102.152795 20.33996
-102.147294 20.34893
-102.133698 20.348158
-102.119698 20.348169
-102.106696 20.345907
-102.092796 20.345919
-102.077399 20.345921
-102.067198 20.34819
-102.050397 20.345921
-102.034498 20.345921
-102.022894 20.348181
-102.011395 20.34592
-101.998395 20.343648
-101.991696 20.336861
-101.98399 20.332319
-101.976795 20.325531
-101.96429 20.32325
-101.956592 20.318721
-101.953296 20.309661
-101.956195 20.300603
-101.963489 20.296073
-101.956294 20.291541
-101.963092 20.280222
-101.954395 20.275684
-101.949191 20.262094
-101.944896 20.253034
-101.950289 20.239444
-101.944094 20.228123
-101.941791 20.216795
-101.944194 20.207747
-101.939989 20.198685
-101.936595 20.189625
-101.921694 20.187338
-101.916994 20.180547
-101.91939 20.171497
-101.908288 20.173748
-101.897287 20.171479
-101.886193 20.169197
-101.883287 20.178246
-101.872193 20.180506
-101.861588 20.185015
-101.853387 20.191805
-101.845192 20.196317
-101.837989 20.191787
-101.826888 20.189497
-101.82309 20.180446
-101.813491 20.182687
-101.80049 20.187207
-101.791785 20.191717
-101.784087 20.184906
-101.774084 20.182627
-101.761587 20.182608
-101.749989 20.180316
-101.741788 20.184827
-101.729787 20.187066
-101.723584 20.178008
-101.713483 20.173447
-101.701985 20.171158
-101.697086 20.177937
-101.693187 20.186987
-101.684482 20.193767
-101.671481 20.193726
-101.670482 20.205056
-101.663188 20.214084
-101.655886 20.218595
-101.651988 20.227646
-101.645182 20.236684
-101.637881 20.241194
-101.631281 20.234387
-101.627986 20.225316
-101.623186 20.218515
-101.616885 20.225286
-101.617784 20.236616
-101.620082 20.245675
-101.627283 20.250225
-101.632982 20.259304
-101.636286 20.268373
-101.632388 20.277424
-101.629382 20.286462
-101.619684 20.290963
-101.60428 20.290924
-101.596185 20.286373
-101.590279 20.295402
-101.58928 20.306732
-101.579682 20.302172
-101.57248 20.297623
-101.565179 20.302131
-101.554581 20.306621
-101.54258 20.306581
-101.529983 20.308803
-101.532478 20.299752
-101.522384 20.295191
-101.512779 20.299683
-101.502677 20.295123
-101.495978 20.288311
-101.49018 20.295084
-101.482878 20.304111
-101.471281 20.306332
-101.462682 20.301772
-101.45828 20.301743
-101.453077 20.292672
-101.455183 20.279094
-101.454778 20.267776
-101.452482 20.256444
-101.450177 20.245106
-101.444982 20.236024
-101.439779 20.226946
-101.434575 20.220136
-101.430776 20.208805
-101.428074 20.190677
-101.426778 20.179349
-101.426877 20.163498
-101.431881 20.149939
-101.438176 20.13637
-101.438778 20.125061
-101.44048 20.102422
-101.437276 20.082033
-101.428776 20.063892
-101.421681 20.057063
-101.415478 20.045723
-101.405079 20.032095
-101.400378 20.025286
-101.392177 20.020725
-101.382678 20.013885
-101.372577 20.011586
-101.364473 20.007015
-101.350573 20.004685
-101.337175 20.002366
-101.320375 20.002287
-101.312172 20.002245
-101.296273 20.002165
-101.285676 20.004376
-101.277977 20.008876
-101.259277 20.011037
-101.244377 20.010966
-101.232772 20.013165
-101.221671 20.017637
-101.212073 20.022104
-101.199469 20.024296
-101.188871 20.026503
-101.176374 20.030967
-101.165769 20.033175
-101.155171 20.037636
-101.145574 20.039844
-101.13107 20.039755
-101.116672 20.039674
-101.099872 20.041835
-101.090671 20.046295
-101.07957 20.048493
-101.068071 20.050684
-101.056467 20.052875
-101.043971 20.052794
-101.02617 20.054934
-101.008371 20.054823
-100.993064 20.052456
-100.980164 20.047834
-100.970566 20.043237
-100.962966 20.034126
-100.954063 20.022746
-100.947868 20.013646
-100.940864 20.002276
-100.937568 19.993197
-100.936765 19.981877
-100.933165 19.966008
-100.933263 19.954688
-100.928169 19.94333
-100.923467 19.93424
-100.91306 19.92511
-100.898764 19.91368
-100.885961 19.902271
-100.870664 19.897632
-100.857761 19.899793
-100.836559 19.89962
-100.823162 19.899521
-100.812563 19.901703
-100.802462 19.903883
-100.794765 19.90835
-100.772159 19.910421
-100.756257 19.910291
-100.743258 19.912441
-100.724656 19.910011
-100.712059 19.91217
-100.697259 19.912042
-100.683761 19.911921
-100.66606 19.911761
-100.650161 19.916142
-100.638556 19.920562
-100.627958 19.924992
-100.612555 19.924849
-100.590352 19.929171
-100.577756 19.9381
-100.56616 19.942519
-100.553653 19.946919
-100.545452 19.95136
-100.53435 19.95352
-100.518954 19.95563
-100.507358 19.95778
-100.49055 19.96214
-100.477954 19.964269
-100.464053 19.966389
-100.448153 19.966229
-100.434755 19.96608
-100.424149 19.970498
-100.413454 19.974918
-100.401849 19.981579
-100.390648 19.988249
-100.380446 19.994929
-100.370749 20.001608
-100.363349 20.010588
-100.363151 20.021896
-100.365446 20.030976
-100.368653 20.042327
-100.37085 20.053666
-100.372948 20.069546
-100.376549 20.080904
-100.376952 20.089964
-100.379151 20.101303
-100.384254 20.110413
-100.386452 20.119492
-100.377754 20.126193
-100.364655 20.130572
-100.359252 20.137301
-100.353851 20.146301
-100.342148 20.155231
-100.339049 20.164242
-100.336447 20.175539
-100.337653 20.18914
-100.335449 20.20496
-100.332847 20.218508
-100.332153 20.229828
-100.338652 20.245746
-100.343749 20.252598
-100.351853 20.261746
-100.358947 20.266347
-100.365547 20.273217
