-99.27571 19.112758
-99.272109 19.1082
-99.268791 19.10256
-99.264991 19.099169
-99.260254 19.095781
-99.255028 19.091279
-99.250052 19.086761
-99.246252 19.083381
-99.2415 19.079991
-99.236511 19.077741
-99.228423 19.075482
-99.221281 19.07435
-99.211516 19.074362
-99.20651 19.07549
-99.196026 19.07662
-99.189589 19.077751
-99.183643 19.076632
-99.176741 19.0755
-99.167706 19.07324
-99.160329 19.07098
-99.15511 19.069851
-99.147967 19.067592
-99.141308 19.065342
-99.133449 19.065342
-99.128459 19.064212
-99.122746 19.063082
-99.112758 19.060812
-99.105868 19.058554
-99.101832 19.056293
-99.093745 19.054032
-99.089236 19.051773
-99.082583 19.048384
-99.075685 19.047251
-99.070704 19.044992
-99.066904 19.042733
-99.061441 19.040783
-99.052408 19.040843
-99.044305 19.042013
-99.040025 19.044293
-99.0336 19.049973
-99.027658 19.053382
-99.01931 19.05682
-99.010986 19.059133
-99.004807 19.060283
-98.998833 19.060311
-98.993126 19.062603
-98.987656 19.063762
-98.981461 19.066052
-98.975029 19.067211
-98.969795 19.066103
-98.963845 19.066133
-98.960219 19.066053
-98.95594 19.062701
-98.952368 19.060462
-98.947852 19.058224
-98.94238 19.057123
-98.936429 19.054894
-98.926444 19.050422
-98.919553 19.048203
-98.915754 19.044833
-98.910992 19.042602
-98.904569 19.041503
-98.899098 19.040392
-98.894879 19.028983
-98.892294 19.025594
-98.888493 19.023324
-98.884702 19.019935
-98.880689 19.015404
-98.876438 19.010885
-98.870525 19.004105
-98.868177 19.000716
-98.866307 18.996196
-98.865147 18.991674
-98.864712 18.986036
-98.864506 18.980387
-98.864796 18.974736
-98.865803 18.966846
-98.865131 18.961198
-98.863752 18.954417
-98.8607 18.948768
-98.852887 18.941986
-98.846729 18.939718
-98.841977 18.937447
-98.838198 18.935187
-98.831791 18.932908
-98.826785 18.934028
-98.818979 18.928368
-98.812327 18.928359
-98.78425 18.929408
-98.77308 18.928259
-98.765711 18.928237
-98.76069 18.930489
-98.752823 18.932717
-98.746874 18.933837
-98.740677 18.934948
-98.734954 18.936058
-98.724472 18.937158
-98.717796 18.939397
-98.710655 18.940498
-98.704933 18.942737
-98.700156 18.943859
-98.695625 18.946108
-98.691085 18.948348
-98.68701 18.951718
-98.683403 18.956217
-98.680755 18.959607
-98.677374 18.965237
-98.674727 18.969748
-98.670631 18.975375
-98.667488 18.981005
-98.663412 18.985505
-98.660018 18.992276
-98.656898 18.995646
-98.653068 18.999026
-98.648505 19.002396
-98.642768 19.005765
-98.638457 19.009124
-98.634147 19.011385
-98.628874 19.014744
-98.62151 19.016624
-98.621764 19.009856
-98.623205 19.003075
-98.622502 18.997436
-98.621817 18.988406
-98.62254 18.979375
-98.623983 18.974845
-98.627576 18.965818
-98.629483 18.961286
-98.633307 18.953379
-98.636412 18.947717
-98.639752 18.942067
-98.64308 18.936419
-98.645964 18.929629
-98.649076 18.922847
-98.652167 18.916071
-98.656462 18.90816
-98.659086 18.904761
-98.662183 18.89798
-98.664587 18.893462
-98.666015 18.88894
-98.669128 18.88216
-98.672216 18.875379
-98.673881 18.869731
-98.675796 18.865211
-98.677 18.86068
-98.680334 18.852784
-98.685347 18.844861
-98.688446 18.840331
-98.692732 18.834672
-98.695105 18.830163
-98.697495 18.825633
-98.699882 18.821112
-98.702492 18.816594
-98.705367 18.810933
-98.707748 18.807544
-98.710358 18.803015
-98.712981 18.796244
-98.717033 18.789455
-98.720368 18.783804
-98.723466 18.778147
-98.726326 18.773615
-98.729415 18.769096
-98.732276 18.763435
-98.733948 18.758917
-98.736091 18.753277
-98.737282 18.748757
-98.738 18.743107
-98.738488 18.737467
-98.735642 18.734089
-98.731842 18.730717
-98.725914 18.727358
-98.718787 18.723986
-98.714752 18.721748
-98.708588 18.717249
-98.701698 18.715018
-98.697196 18.712777
-98.691015 18.709409
-98.686752 18.706038
-98.683197 18.702668
-98.679641 18.69816
-98.675146 18.690278
-98.673247 18.68577
-98.671843 18.677869
-98.670904 18.66885
-98.670203 18.660951
-98.67021 18.653061
-98.672834 18.647401
-98.676406 18.645131
-98.681631 18.64399
-98.686377 18.645102
-98.691581 18.64396
-98.697525 18.643932
-98.704177 18.645043
-98.714387 18.643883
-98.721984 18.642731
-98.724366 18.639341
-98.725792 18.634811
-98.726745 18.628042
-98.726044 18.622402
-98.723916 18.617892
-98.720597 18.612272
-98.717284 18.605514
-98.715393 18.601003
-98.713745 18.594234
-98.714698 18.587453
-98.714462 18.580695
-98.713058 18.576183
-98.711402 18.568296
-98.710707 18.562656
-98.710707 18.557017
-98.710006 18.551364
-98.710014 18.542345
-98.707427 18.537846
-98.704344 18.533348
-98.705765 18.528828
-98.703391 18.525447
-98.701751 18.520937
-98.702475 18.515297
-98.703666 18.508527
-98.702017 18.504008
-98.698935 18.499507
-98.700363 18.494988
-98.701797 18.488228
-98.702995 18.483708
-98.703475 18.475808
-98.703017 18.467909
-98.702781 18.462269
-98.704926 18.456619
-98.704947 18.44872
-98.705893 18.441961
-98.708273 18.437431
-98.706847 18.432919
-98.703307 18.428429
-98.702132 18.42279
-98.703552 18.416012
-98.702146 18.410381
-98.698591 18.408131
-98.695517 18.404762
-98.69766 18.400243
-98.704292 18.397961
-98.708807 18.395691
-98.716148 18.397922
-98.722068 18.400162
-98.727042 18.404651
-98.728698 18.409161
-98.731056 18.412541
-98.733665 18.417041
-98.738151 18.42266
-98.741477 18.42604
-98.742882 18.431671
-98.745484 18.43618
-98.747848 18.44068
-98.750458 18.445181
-98.752342 18.44969
-98.756592 18.453061
-98.759437 18.458689
-98.762527 18.463179
-98.765122 18.466559
-98.769868 18.469929
-98.775559 18.472169
-98.779587 18.474408
-98.782425 18.477779
-98.788584 18.478879
-98.793336 18.481128
-98.797113 18.484488
-98.800668 18.487867
-98.802324 18.49349
-98.803507 18.499129
-98.80849 18.502496
-98.81441 18.504728
-98.817498 18.508107
-98.828889 18.513695
-98.834329 18.511418
-98.83932 18.505759
-98.842395 18.501228
-98.846439 18.495567
-98.849292 18.492169
-98.852847 18.487638
-98.857341 18.481987
-98.861858 18.474069
-98.863986 18.469549
-98.868258 18.462759
-98.873477 18.458229
-98.877986 18.453689
-98.881542 18.451411
-98.885098 18.448019
-98.891262 18.44573
-98.896947 18.443449
-98.904287 18.441161
-98.909748 18.438879
-98.91354 18.435471
-98.921132 18.43206
-98.924916 18.42752
-98.92848 18.42526
-98.933919 18.419581
-98.935568 18.413931
-98.937238 18.40941
-98.938656 18.400382
-98.941273 18.391344
-98.944814 18.385692
-98.949324 18.382284
-98.95429 18.380003
-98.964484 18.377692
-98.970641 18.375414
-98.97608 18.373123
-98.981527 18.371963
-98.986982 18.369684
-98.995039 18.368504
-99.000014 18.367353
-99.004035 18.365084
-99.008773 18.361665
-99.014464 18.357123
-99.018722 18.353714
-99.02417 18.350304
-99.027709 18.348024
-99.030791 18.344634
-99.034585 18.341224
-99.041207 18.336675
-99.046182 18.334384
-99.055443 18.334125
-99.055824 18.345395
-99.058106 18.356684
-99.065635 18.363474
-99.071222 18.374782
-99.076866 18.381553
-99.087671 18.390623
-99.094751 18.395151
-99.09945 18.401923
-99.104593 18.410971
-99.11213 18.41549
-99.117778 18.422279
-99.121485 18.433582
-99.126155 18.442609
-99.128917 18.453898
-99.133609 18.46069
-99.143054 18.465219
-99.152033 18.469758
-99.159587 18.474278
-99.162364 18.483306
-99.155192 18.490077
-99.150836 18.503605
-99.155505 18.512636
-99.168765 18.517186
-99.175816 18.526226
-99.183352 18.533015
-99.192806 18.537546
-99.20371 18.539824
-99.217487 18.537586
-99.22559 18.533084
-99.230849 18.526326
-99.23519 18.517296
-99.235762 18.503765
-99.233465 18.492468
-99.23074 18.474409
-99.232266 18.45862
-99.242285 18.449609
-99.253186 18.451879
-99.274542 18.449659
-99.292082 18.451929
-99.301567 18.449681
-99.316285 18.449698
-99.328103 18.454219
-99.337081 18.45875
-99.344652 18.463269
-99.353609 18.470047
-99.359735 18.479079
-99.364914 18.485847
-99.368639 18.494889
-99.374268 18.506176
-99.384172 18.517466
-99.389833 18.524235
-99.399271 18.533276
-99.406831 18.540044
-99.416271 18.546825
-99.420992 18.553605
-99.426645 18.562633
-99.426096 18.573914
-99.420823 18.582941
-99.41791 18.594233
-99.418803 18.605512
-99.427324 18.61003
-99.435419 18.605522
-99.447323 18.598752
-99.456851 18.594243
-99.465884 18.589731
-99.482021 18.591982
-99.487699 18.598751
-99.492399 18.607782
-99.493267 18.623579
-99.494152 18.634871
-99.495992 18.646161
-99.500218 18.657459
-99.500166 18.668738
-99.503447 18.677769
-99.507673 18.686808
-99.512372 18.695826
-99.480939 18.720155
-99.476644 18.724676
-99.473538 18.728066
-99.473256 18.734836
-99.468471 18.740487
-99.464642 18.743874
-99.460118 18.747254
-99.456296 18.750646
-99.45293 18.755166
-99.450527 18.760807
-99.443714 18.790163
-99.444103 18.805975
-99.442174 18.810492
-99.439776 18.816142
-99.438303 18.820651
-99.436381 18.825162
-99.434444 18.830811
-99.431552 18.837591
-99.428913 18.84211
-99.425785 18.84775
-99.421703 18.855651
-99.41714 18.8613
-99.414256 18.868079
-99.411571 18.878241
-99.409176 18.882759
-99.404619 18.888388
-99.401255 18.892907
-99.396464 18.898557
-99.392634 18.903069
-99.388316 18.90759
-99.383051 18.913229
-99.378739 18.916618
-99.375154 18.919996
-99.368455 18.925637
-99.362955 18.930148
-99.35792 18.933538
-99.354104 18.936917
-99.350275 18.940307
-99.346445 18.942555
-99.344048 18.945946
-99.340929 18.949337
-99.336122 18.957237
-99.333223 18.964006
-99.33033 18.969644
-99.326928 18.978686
-99.324014 18.988844
-99.322792 18.993364
-99.321565 18.999014
-99.318659 19.005774
-99.316491 19.010305
-99.311685 19.017064
-99.309517 19.021583
-99.307092 19.027233
-99.304673 19.032873
-99.301545 19.038512
-99.299598 19.043033
-99.296706 19.047542
-99.294533 19.052072
-99.292374 19.056583
-99.289222 19.063351
-99.286804 19.069001
-99.28463 19.073511
-99.282676 19.078021
-99.280753 19.083672
-99.279273 19.09158
-99.278534 19.09808
-99.277123 19.105978
-99.27571 19.112758
