-105.642995 22.476488
-105.631796 22.476527
-105.61659 22.478869
-105.604894 22.476648
-105.587796 22.474458
-105.575993 22.476777
-105.557895 22.47911
-105.550495 22.467811
-105.540294 22.461048
-105.532389 22.45655
-105.517794 22.45433
-105.503092 22.45666
-105.484987 22.463531
-105.470788 22.470371
-105.455591 22.479498
-105.445786 22.490869
-105.440392 22.511288
-105.43889 22.524888
-105.438386 22.536226
-105.441788 22.545286
-105.44919 22.554327
-105.453592 22.565645
-105.454088 22.576974
-105.462389 22.583756
-105.473093 22.588254
-105.470194 22.601866
-105.467691 22.613203
-105.477488 22.629032
-105.485888 22.638083
-105.485888 22.651682
-105.492693 22.658462
-105.499088 22.669762
-105.505489 22.676539
-105.514789 22.681041
-105.52309 22.68782
-105.53439 22.6923
-105.534893 22.703641
-105.531895 22.719518
-105.528491 22.7286
-105.52309 22.73543
-105.51569 22.746789
-105.510296 22.755877
-105.503993 22.764967
-105.500491 22.774047
-105.496593 22.783135
-105.491695 22.789956
-105.484789 22.799046
-105.480388 22.808125
-105.47449 22.814946
-105.464694 22.824054
-105.461688 22.833125
-105.459292 22.844474
-105.457293 22.855814
-105.454287 22.864883
-105.451388 22.876234
-105.448389 22.887582
-105.444994 22.903462
-105.451892 22.917042
-105.458194 22.928362
-105.432589 23.003248
-105.384987 23.001127
-105.215383 23.001518
-105.205585 22.996999
-105.194286 22.992488
-105.178081 22.98797
-105.165286 22.983459
-105.155482 22.981208
-105.143687 22.976691
-105.128481 22.97217
-105.102982 22.9654
-105.092179 22.960869
-105.076477 22.95636
-105.063278 22.951841
-105.045578 22.945041
-105.031378 22.94052
-105.019079 22.935991
-105.006377 22.933731
-104.986182 22.926932
-104.976377 22.922413
-104.965177 22.917883
-104.952878 22.911083
-104.945081 22.904273
-104.938779 22.892944
-104.936375 22.881614
-104.911075 22.822668
-104.921573 22.784138
-104.91328 22.777338
-104.907878 22.768269
-104.906978 22.75693
-104.911479 22.74786
-104.909075 22.738802
-104.909076 22.72746
-104.911075 22.71387
-104.999677 22.641315
-104.995076 22.566517
-104.994175 22.539309
-104.944377 22.518918
-104.897173 22.54839
-104.772369 22.625376
-104.645771 22.588926
-104.566063 22.427834
-104.436864 22.379878
-104.310358 22.415685
-104.303155 22.247942
-104.309762 22.213983
-104.369158 22.021564
-104.166057 21.850759
-104.114451 21.805182
-104.158152 21.58336
-104.165851 21.566473
-104.205654 21.512222
-103.924747 21.336391
-103.927745 21.331872
-103.932048 21.331893
-103.934543 21.325112
-103.93565 21.320583
-103.939045 21.316063
-103.939548 21.311533
-103.942044 21.309282
-103.947949 21.304772
-103.951848 21.298004
-103.950444 21.293464
-103.952451 21.288935
-103.954449 21.284415
-103.954548 21.277614
-103.956043 21.270816
-103.957044 21.266295
-103.959049 21.261766
-103.958645 21.254965
-103.958745 21.248164
-103.961147 21.243655
-103.956349 21.241366
-103.956448 21.232297
-103.960346 21.230046
-103.965245 21.225546
-103.971646 21.223308
-103.974546 21.218788
-103.979847 21.218817
-103.981847 21.214297
-103.984845 21.212037
-103.987744 21.209799
-103.989751 21.205267
-103.990247 21.200737
-103.993245 21.198488
-103.997144 21.196236
-104.00195 21.193998
-104.002546 21.189469
-104.002546 21.184938
-104.005049 21.182678
-104.006948 21.178149
-104.01045 21.173639
-104.012845 21.175919
-104.016248 21.173669
-104.018248 21.171417
-104.016851 21.164609
-104.020246 21.162348
-104.027547 21.157859
-104.031949 21.160137
-104.03575 21.162428
-104.040152 21.162449
-104.045446 21.162478
-104.047446 21.160219
-104.051748 21.162509
-104.057151 21.157999
-104.060545 21.15348
-104.064948 21.155759
-104.068351 21.153519
-104.07215 21.1558
-104.07405 21.160339
-104.080352 21.160369
-104.08615 21.160387
-104.092948 21.160428
-104.094948 21.155898
-104.101249 21.153658
-104.108551 21.155949
-104.11335 21.155978
-104.120247 21.153739
-104.125054 21.153758
-104.129952 21.151519
-104.134248 21.151538
-104.136254 21.149269
-104.138154 21.151549
-104.144547 21.147038
-104.148851 21.14706
-104.153748 21.147079
-104.160051 21.147099
-104.164354 21.14712
-104.167749 21.149399
-104.172548 21.14942
-104.177454 21.151709
-104.182749 21.153989
-104.188555 21.154019
-104.195849 21.154039
-104.200755 21.149518
-104.201755 21.144989
-104.207049 21.14275
-104.211954 21.142759
-104.211451 21.13596
-104.213054 21.12917
-104.214953 21.12465
-104.216556 21.11558
-104.217052 21.111051
-104.213251 21.106501
-104.210856 21.0997
-104.210857 21.095161
-104.209956 21.088371
-104.210055 21.083832
-104.211954 21.079301
-104.210055 21.077033
-104.208156 21.072494
-104.211153 21.067973
-104.212649 21.061175
-104.208354 21.054363
-104.206454 21.052084
-104.20315 21.045274
-104.198854 21.036205
-104.192156 21.022574
-104.190249 21.015765
-104.188456 21.011224
-104.186052 21.004426
-104.185151 20.997615
-104.184153 20.993086
-104.18625 20.986287
-104.188151 20.979497
-104.190652 20.977236
-104.195551 20.970465
-104.197549 20.965936
-104.197054 20.961406
-104.19475 20.956866
-104.19285 20.952318
-104.19185 20.947789
-104.19285 20.943258
-104.19385 20.93873
-104.195849 20.93421
-104.202654 20.929698
-104.207552 20.927449
-104.211955 20.92519
-104.219255 20.920699
-104.225055 20.91618
-104.231852 20.913937
-104.241053 20.9117
-104.24895 20.902658
-104.250957 20.8936
-104.252452 20.889069
-104.255351 20.88228
-104.252452 20.880021
-104.252056 20.87321
-104.251651 20.86868
-104.251155 20.864142
-104.252154 20.857352
-104.253154 20.852821
-104.255153 20.848302
-104.256656 20.841503
-104.254352 20.836964
-104.252856 20.832423
-104.251956 20.827893
-104.252955 20.823362
-104.25545 20.818832
-104.25645 20.814303
-104.256953 20.805244
-104.259952 20.800724
-104.26485 20.796204
-104.268657 20.793954
-104.273556 20.787174
-104.277552 20.778126
-104.279056 20.766794
-104.277949 20.67389
-104.280856 20.66937
-104.286151 20.66712
-104.290554 20.66487
-104.295451 20.66261
-104.299252 20.664888
-104.303555 20.66943
-104.310757 20.673999
-104.317952 20.678548
-104.325154 20.683088
-104.333355 20.687648
-104.340154 20.689928
-104.346852 20.696749
-104.351155 20.703557
-104.359259 20.710376
-104.368955 20.710398
-104.376157 20.712677
-104.380057 20.717227
-104.379957 20.721758
-104.381857 20.726287
-104.387159 20.730838
-104.38806 20.737637
-104.393858 20.742186
-104.398658 20.748995
-104.401954 20.753527
-104.407256 20.758077
-104.410155 20.760347
-104.416854 20.762633
-104.42366 20.764916
-104.431854 20.769456
-104.440956 20.771746
-104.446258 20.774025
-104.453057 20.771765
-104.459359 20.774045
-104.463158 20.780854
-104.470856 20.783125
-104.477159 20.787675
-104.483857 20.796754
-104.493456 20.803563
-104.499262 20.808104
-104.500657 20.819443
-104.504961 20.826252
-104.51066 20.830793
-104.515963 20.835332
-104.518358 20.842132
-104.52466 20.8444
-104.52656 20.846671
-104.531359 20.848951
-104.535159 20.85802
-104.539057 20.86256
-104.540957 20.867092
-104.545764 20.87163
-104.547664 20.878431
-104.555858 20.885239
-104.561557 20.88978
-104.573162 20.894319
-104.586765 20.896609
-104.597363 20.898879
-104.602666 20.898889
-104.612362 20.896629
-104.616765 20.896638
-104.619161 20.894369
-104.624058 20.889848
-104.629865 20.889859
-104.635664 20.892118
-104.640462 20.892119
-104.644864 20.892129
-104.649664 20.896669
-104.654966 20.898938
-104.657865 20.901199
-104.660261 20.903469
-104.667968 20.908007
-104.671866 20.903477
-104.67816 20.905746
-104.680068 20.910279
-104.682464 20.917079
-104.684867 20.919348
-104.689162 20.921618
-104.696967 20.923878
-104.699364 20.926156
-104.700767 20.930687
-104.707465 20.935227
-104.709968 20.937486
-104.714263 20.937486
-104.717667 20.939758
-104.721062 20.942027
-104.726868 20.944287
-104.728767 20.946556
-104.732163 20.951096
-104.733062 20.955626
-104.731568 20.962426
-104.732063 20.966966
-104.732468 20.973755
-104.737366 20.973754
-104.741669 20.971485
-104.745568 20.969226
-104.75097 20.969224
-104.756669 20.971494
-104.765465 20.971485
-104.768769 20.973755
-104.773165 20.976025
-104.777071 20.978284
-104.783365 20.976014
-104.790063 20.980554
-104.794969 20.978284
-104.804667 20.978285
-104.81087 20.978285
-104.816271 20.978274
-104.823466 20.978275
-104.827364 20.976004
-104.831271 20.978275
-104.837565 20.978265
-104.838069 20.973734
-104.839969 20.969205
-104.853069 20.980526
-104.852565 20.973725
-104.851665 20.969196
-104.854572 20.960126
-104.857472 20.957864
-104.860866 20.955587
-104.865772 20.955585
-104.868671 20.953326
-104.873966 20.951046
-104.87637 20.948776
-104.879368 20.946505
-104.886066 20.944235
-104.888569 20.939705
-104.892468 20.937435
-104.89777 20.932897
-104.900166 20.930626
-104.902173 20.926096
-104.903668 20.921556
-104.905567 20.917026
-104.907567 20.910218
-104.911869 20.907947
-104.916272 20.905679
-104.928373 20.903396
-104.934172 20.903387
-104.93617 20.901128
-104.945768 20.901117
-104.950674 20.898838
-104.953573 20.896579
-104.958472 20.892027
-104.961874 20.887489
-104.965673 20.882958
-104.970069 20.878408
-104.987471 20.878388
-104.99427 20.880648
-105.001075 20.880628
-105.002975 20.878367
-105.008369 20.878359
-105.016571 20.880608
-105.019974 20.878338
-105.022369 20.876059
-105.035476 20.876048
-105.041275 20.876039
-105.042672 20.88056
-105.042176 20.885097
-105.046074 20.889618
-105.055177 20.891868
-105.061074 20.891858
-105.067773 20.891849
-105.072672 20.891839
-105.077478 20.889557
-105.083276 20.887278
-105.091073 20.882726
-105.096872 20.882718
-105.104677 20.878158
-105.106577 20.875899
-105.113878 20.871349
-105.115779 20.866809
-105.117777 20.862268
-105.121073 20.859998
-105.128374 20.85544
-105.131274 20.853169
-105.135676 20.85089
-105.138576 20.84862
-105.140979 20.844079
-105.144374 20.839538
-105.147274 20.837269
-105.154078 20.83045
-105.155978 20.828169
-105.159374 20.821371
-105.161373 20.816831
-105.163279 20.812291
-105.168178 20.80775
-105.168178 20.803211
-105.166675 20.794153
-105.166278 20.789622
-105.171078 20.787342
-105.172077 20.782803
-105.174975 20.780521
-105.178874 20.778254
-105.182675 20.775972
-105.183673 20.771441
-105.186077 20.769163
-105.188076 20.764633
-105.188075 20.757834
-105.188075 20.753295
-105.190479 20.751022
-105.201176 20.748725
-105.20158 20.744195
-105.201175 20.737406
-105.19968 20.732864
-105.204075 20.732853
-105.205974 20.730584
-105.209873 20.728306
-105.214177 20.728294
-105.216176 20.726025
-105.220974 20.723735
-105.222478 20.719205
-105.22678 20.716925
-105.232579 20.712376
-105.234578 20.707834
-105.23988 20.705546
-105.24178 20.701007
-105.242277 20.696476
-105.244679 20.694204
-105.246175 20.685136
-105.245679 20.680596
-105.25488 20.673777
-105.262074 20.659038
-105.303877 20.710015
-105.328583 20.756703
-105.433581 20.746062
-105.479282 20.761602
-105.533284 20.764922
-105.539083 20.78272
-105.518887 20.801842
-105.492481 20.80971
-105.486485 20.821869
-105.452586 20.883336
-105.444384 20.879767
-105.411181 20.928126
-105.293984 21.036621
-105.266081 21.015612
-105.233778 21.07808
-105.226882 21.227022
-105.247978 21.323969
-105.241783 21.387355
-105.222678 21.426575
-105.205283 21.445045
-105.248581 21.51033
-105.256279 21.5123
-105.363186 21.576866
-105.443586 21.627977
-105.463583 21.651373
-105.472487 21.692541
-105.521592 21.799569
-105.620395 21.956352
-105.653791 22.024037
-105.645894 22.167103
-105.652593 22.260129
-105.682899 22.372611
-105.716996 22.45881
-105.749994 22.512305
-105.759294 22.540924
-105.7511 22.541185
-105.694595 22.488388
-105.678893 22.49268
-105.675498 22.49606
-105.689796 22.568134
-105.677894 22.564134
-105.664596 22.518196
-105.667197 22.477227
-105.654692 22.45361
-105.62029 22.258378
-105.586589 22.145983
-105.538088 22.096724
-105.541688 22.081894
-105.549692 22.092565
-105.561388 22.092216
-105.564989 22.079025
-105.509286 22.039239
-105.51909 22.071667
-105.50589 22.061138
-105.514886 22.100674
-105.495187 22.090356
-105.464088 22.051468
-105.475289 22.072935
-105.467491 22.084066
-105.443984 22.062947
-105.405088 22.071697
-105.407889 22.085786
-105.437385 22.110554
-105.483689 22.132125
-105.537188 22.172522
-105.552493 22.175891
-105.536089 22.140394
-105.538187 22.132704
-105.576091 22.1801
-105.567988 22.20106
-105.581691 22.22355
-105.596493 22.211112
-105.642592 22.474409
-105.642995 22.476488
