-99.714685 27.6589
-99.907646 27.534224
-99.904366 27.464196
-99.741032 27.423378
-99.734734 27.271962
-99.635595 27.06386
-99.709381 26.907994
-99.742218 26.912565
-99.744515 26.862825
-99.739945 26.867348
-99.731324 26.871858
-99.722702 26.876365
-99.710578 26.874076
-99.701033 26.865028
-99.692368 26.874057
-99.67926 26.869518
-99.673164 26.876286
-99.66509 26.871747
-99.655515 26.864947
-99.644872 26.871706
-99.632245 26.869427
-99.621166 26.862617
-99.6126 26.858079
-99.605076 26.849019
-99.598546 26.842218
-99.583386 26.842189
-99.574825 26.83764
-99.568867 26.821808
-99.565387 26.81275
-99.566989 26.799189
-99.567067 26.78788
-99.57217 26.781111
-99.5798 26.772091
-99.588954 26.763061
-99.59254 26.754021
-99.595639 26.744981
-99.597239 26.731422
-99.596822 26.717852
-99.596896 26.706543
-99.603039 26.692992
-99.612195 26.681704
-99.623876 26.670423
-99.632002 26.663656
-99.641125 26.656894
-99.526575 26.654356
-99.388349 26.583827
-99.39195 26.511471
-99.411352 26.353197
-99.413037 26.330586
-99.383618 26.296549
-99.337115 26.319008
-99.240074 26.25301
-99.170317 26.236841
-99.120495 26.039758
-99.106954 26.03744
-99.095378 26.039638
-99.084253 26.046368
-99.073742 26.044039
-99.06274 26.03946
-99.050608 26.046177
-99.040034 26.048377
-99.031892 26.059647
-99.023287 26.064127
-99.009278 26.059517
-99.001672 26.066268
-98.894079 25.947943
-98.799725 26.028749
-98.724085 26.014609
-98.57481 25.99078
-98.575245 25.608355
-98.575259 25.468009
-98.421423 25.45758
-98.419059 25.416812
-98.914944 25.060775
-98.938076 25.042796
-98.950581 25.038347
-98.962521 25.040685
-98.974524 25.036224
-98.98448 25.038555
-98.994384 25.043135
-98.99623 25.056734
-99.003653 25.061304
-99.007011 25.074905
-99.012884 25.083992
-99.021803 25.088574
-99.036286 25.086383
-99.045311 25.081913
-99.050362 25.075144
-99.053978 25.063845
-99.059051 25.054814
-99.066102 25.048064
-99.077142 25.041324
-99.084687 25.034575
-99.097748 25.023315
-99.110749 25.018856
-99.122232 25.016656
-99.135692 25.016714
-99.142732 25.009955
-99.140863 24.996367
-99.149928 24.987346
-99.161471 24.978345
-99.15459 24.91717
-99.194004 24.85622
-99.162013 24.767744
-99.178943 24.765564
-99.28069 24.788644
-99.28771 24.781874
-99.295751 24.772854
-99.302297 24.763815
-99.307837 24.757045
-99.316352 24.748014
-99.330847 24.741275
-99.340796 24.739045
-99.350777 24.734546
-99.362288 24.725526
-99.367301 24.718755
-99.373337 24.711978
-99.389793 24.705236
-99.402253 24.700748
-99.415201 24.698527
-99.429139 24.696307
-99.446077 24.691818
-99.455066 24.685059
-99.466091 24.673768
-99.473117 24.664718
-99.478151 24.655679
-99.483705 24.642098
-99.485812 24.626249
-99.488369 24.617201
-99.494388 24.60815
-99.50336 24.60365
-99.511356 24.596871
-99.523349 24.587841
-99.535312 24.581072
-99.551617 24.59244
-99.562024 24.599251
-99.578847 24.606081
-99.726296 24.533832
-99.730852 24.515714
-99.723191 24.461344
-99.62834 24.474804
-99.614553 24.456655
-99.603444 24.409079
-99.57359 24.34559
-99.690124 24.076212
-99.699652 24.053571
-99.607983 23.999074
-99.526345 23.962256
-99.513467 23.955546
-99.505044 23.951056
-99.492165 23.939816
-99.482757 23.935336
-99.475336 23.930855
-99.46792 23.926366
-99.461479 23.919617
-99.457984 23.910576
-99.455476 23.896986
-99.453446 23.878889
-99.451835 23.833592
-99.473595 23.844791
-99.524354 23.79056
-99.531176 23.783271
-99.576908 23.735405
-99.608516 23.741984
-99.644048 23.744003
-99.667287 23.752894
-99.68704 23.752744
-99.706283 23.752613
-99.723557 23.750213
-99.733902 23.747874
-99.753624 23.745454
-99.773864 23.745292
-99.792115 23.742874
-99.806925 23.742752
-99.821214 23.738115
-99.832048 23.733493
-99.836924 23.724383
-99.842273 23.713015
-99.9305 23.540082
-99.947041 23.505941
-99.911289 23.383916
-99.900699 23.343239
-99.91499 23.345377
-99.930248 23.347508
-99.944051 23.349648
-99.956867 23.354057
-99.967725 23.358488
-99.979551 23.360637
-99.989834 23.353748
-100.042053 23.364577
-100.113449 23.298162
-100.103555 23.29147
-100.092652 23.287051
-100.08625 23.280312
-100.082749 23.269021
-100.085548 23.255393
-100.089453 23.244032
-100.092255 23.232674
-100.092652 23.221343
-100.326255 23.223332
-100.331755 23.182484
-100.335059 23.168845
-100.343856 23.164225
-100.355659 23.159545
-100.37336 23.163865
-100.388062 23.163696
-100.39846 23.165836
-100.415657 23.170155
-100.434458 23.174454
-100.442857 23.178883
-100.45566 23.187784
-100.461665 23.199034
-100.465861 23.217121
-100.466463 23.230701
-100.466563 23.242031
-100.468157 23.2556
-100.465961 23.276021
-100.467159 23.294139
-100.465961 23.31908
-100.466661 23.339459
-100.464863 23.364417
-100.464563 23.380275
-100.466159 23.393856
-100.464359 23.407464
-100.45856 23.421134
-100.45386 23.434793
-100.448558 23.446182
-100.445659 23.455283
-100.450258 23.466553
-100.454362 23.484632
-100.460459 23.507209
-100.466562 23.52526
-100.468158 23.538838
-100.471759 23.547858
-100.473361 23.559168
-100.472164 23.588639
-100.472362 23.604506
-100.469462 23.615856
-100.465258 23.634037
-100.462458 23.647676
-100.46216 23.663534
-100.462865 23.683914
-100.462458 23.699785
-100.465061 23.713352
-100.467662 23.726912
-100.46976 23.738211
-100.470859 23.749532
-100.473064 23.767632
-100.476162 23.778909
-100.481159 23.787918
-100.482763 23.799228
-100.487966 23.819549
-100.493961 23.826278
-100.500966 23.832987
-100.509862 23.839668
-100.518964 23.853148
-100.524963 23.864406
-100.533568 23.882417
-100.544166 23.900415
-100.554267 23.920675
-100.560868 23.934174
-100.566367 23.945444
-100.574569 23.961193
-100.583565 23.976933
-100.594766 23.999451
-100.600868 24.015229
-100.605966 24.031019
-100.608064 24.04232
-100.609764 24.055898
-100.610865 24.071737
-100.610071 24.085348
-100.60827 24.103497
-100.607065 24.123907
-100.604165 24.135265
-100.601364 24.148896
-100.603066 24.164736
-100.603768 24.180585
-100.607966 24.198654
-100.612971 24.209923
-100.614168 24.221233
-100.612367 24.237112
-100.608964 24.25075
-100.612069 24.259781
-100.614168 24.271071
-100.620768 24.28232
-100.62337 24.29135
-100.631366 24.300298
-100.636966 24.307019
-100.642467 24.316008
-100.649966 24.322708
-100.683971 24.382377
-100.771575 24.483852
-100.802672 24.50198
-100.781973 24.54921
-100.773376 24.714603
-100.807175 24.80598
-100.727775 24.886047
-100.74317 24.922634
-100.854372 24.976973
-100.806773 25.127969
-100.740173 25.169736
-100.670272 25.204614
-100.655873 25.199785
-100.642874 25.199515
-100.628469 25.199224
-100.613271 25.203435
-100.600269 25.205444
-100.586171 25.209675
-100.567966 25.216094
-100.556872 25.220404
-100.534068 25.213115
-100.368467 25.155109
-100.35436 25.157058
-100.340763 25.161287
-100.325062 25.167738
-100.306461 25.171847
-100.291858 25.173787
-100.28046 25.171256
-100.26356 25.170878
-100.246562 25.170486
-100.238863 25.177106
-100.235963 25.188377
-100.235658 25.199707
-100.238657 25.213385
-100.234858 25.222363
-100.217759 25.226495
-100.208658 25.230815
-100.20476 25.242065
-100.20746 25.251194
-100.216158 25.260463
-100.228464 25.267563
-100.241762 25.272394
-100.251657 25.274893
-100.266064 25.279763
-100.27486 25.284491
-100.28116 25.291442
-100.29356 25.296251
-100.303463 25.298742
-100.318264 25.303621
-100.334264 25.306243
-100.352261 25.304383
-100.364867 25.302391
-100.380666 25.307281
-100.400565 25.312252
-100.414565 25.312561
-100.431167 25.310661
-100.442069 25.313162
-100.447769 25.32235
-100.45807 25.32938
-100.460266 25.34077
-100.461365 25.352119
-100.473565 25.363719
-100.486871 25.37081
-100.496667 25.375549
-100.513071 25.38044
-100.528468 25.385299
-100.542971 25.385608
-100.552868 25.388088
-100.563769 25.390587
-100.577067 25.399927
-100.585774 25.409177
-100.59557 25.418448
-100.609273 25.427807
-100.613973 25.436977
-100.667371 25.444866
-100.650275 25.464926
-100.562267 25.476696
-100.566471 25.485854
-100.57127 25.492755
-100.57867 25.497444
-100.591572 25.502243
-100.604267 25.511574
-100.615171 25.518594
-100.622473 25.525554
-100.636174 25.534903
-100.654073 25.539803
-100.670569 25.542403
-100.682472 25.547181
-100.698172 25.556571
-100.708978 25.56585
-100.720575 25.58195
-100.81338 25.706177
-100.84338 25.763423
-100.794675 25.925646
-100.897078 25.950277
-100.91658 25.973305
-100.912178 25.986816
-100.909378 25.995835
-100.906478 26.011645
-100.908683 26.023013
-100.912284 26.036673
-100.911978 26.047993
-100.914681 26.059371
-100.914977 26.070711
-100.920578 26.084411
-100.922882 26.093521
-100.928583 26.107221
-100.93438 26.11639
-100.945579 26.127919
-100.953484 26.132608
-100.964883 26.141879
-100.976281 26.146629
-100.990182 26.153669
-101.004184 26.158459
-101.019787 26.158748
-101.030284 26.161208
-101.047382 26.163778
-101.063389 26.168587
-101.075787 26.171339
-101.088284 26.216607
-101.21959 26.348021
-101.036282 26.492048
-100.764882 26.686781
-100.693478 26.592114
-100.654673 26.621704
-100.619974 26.662561
-100.619477 26.678401
-100.616472 26.687462
-100.613878 26.696521
-100.602273 26.705611
-100.588676 26.71472
-100.579576 26.721531
-100.560973 26.73292
-100.554869 26.741989
-100.552873 26.753298
-100.550873 26.764619
-100.543777 26.77596
-100.535269 26.789548
-100.530173 26.798619
-100.526177 26.809937
-100.534371 27.02472
-100.653981 27.058159
-100.662075 27.064909
-100.668676 27.076188
-100.678876 27.085185
-100.686978 27.089677
-100.693479 27.082857
-100.708182 27.080527
-100.717879 27.085006
-100.730979 27.087196
-100.729482 27.075908
-100.729482 27.062349
-100.72988 27.051027
-100.736982 27.041958
-100.750676 27.03284
-100.765282 27.030507
-100.770881 27.041787
-100.765883 27.057638
-100.776085 27.059858
-100.787681 27.053017
-100.791679 27.041689
-100.811378 27.034787
-100.811981 27.040328
-100.825378 27.178642
-100.77958 27.218491
-100.659778 27.322447
-100.444769 27.374478
-100.393973 27.389208
-100.380467 27.463574
-100.314167 27.676977
-100.154969 27.775083
-99.973101 27.61012
-99.810819 27.752527
-99.807128 27.756296
-99.803805 27.753619
-99.777684 27.732579
-99.757969 27.716698
-99.730198 27.694328
-99.715755 27.661344
-99.714685 27.6589
