-98.3954 17.859077
-98.375188 17.848498
-98.370473 17.845129
-98.365048 17.842879
-98.362385 17.839138
-98.356091 17.838379
-98.349987 17.836129
-98.34338 17.832758
-98.336071 17.832758
-98.330645 17.835029
-98.326603 17.839539
-98.324946 17.844048
-98.324207 17.849678
-98.323231 17.856437
-98.322025 17.863209
-98.320826 17.868836
-98.320323 17.874476
-98.320041 17.884627
-98.318591 17.893637
-98.316197 17.901525
-98.311688 17.907176
-98.30624 17.909425
-98.298693 17.909434
-98.294909 17.907186
-98.290919 17.902675
-98.287647 17.899296
-98.283884 17.895916
-98.281068 17.891407
-98.278255 17.886906
-98.275676 17.883526
-98.27309 17.880147
-98.269349 17.874507
-98.267001 17.870008
-98.263712 17.866628
-98.261141 17.862117
-98.257394 17.858738
-98.252412 17.859868
-98.248383 17.866628
-98.245988 17.873397
-98.243815 17.883536
-98.242364 17.889175
-98.240197 17.897066
-98.239703 17.902705
-98.23897 17.908335
-98.238931 17.915095
-98.23819 17.922985
-98.236977 17.928625
-98.237649 17.937634
-98.237374 17.946664
-98.235445 17.953423
-98.232353 17.957933
-98.229028 17.961324
-98.223824 17.965823
-98.219064 17.970333
-98.113241 17.975953
-98.103079 17.974824
-98.043789 17.978154
-97.960404 17.979172
-97.953095 17.978043
-97.947901 17.976903
-97.942719 17.974642
-97.9385 17.970124
-97.93499 17.965613
-97.932664 17.961102
-97.92894 17.954333
-97.926607 17.950944
-97.92453 17.943054
-97.922195 17.939665
-97.919624 17.936274
-97.917055 17.932895
-97.914002 17.929505
-97.909545 17.927244
-97.906005 17.924985
-97.898476 17.922715
-97.89141 17.920446
-97.882911 17.919305
-97.876319 17.918166
-97.869467 17.918155
-97.863571 17.918136
-97.856734 17.916995
-97.849898 17.914725
-97.844023 17.912456
-97.839307 17.911325
-97.83319 17.909056
-97.824003 17.907905
-97.81857 17.906755
-97.809599 17.906746
-97.804616 17.908976
-97.79894 17.912346
-97.79514 17.914586
-97.7899 17.920215
-97.786329 17.924716
-97.780591 17.933715
-97.778898 17.938214
-97.77554 17.943844
-97.773388 17.948345
-97.770748 17.952835
-97.767873 17.958475
-97.764516 17.964103
-97.760685 17.969714
-97.757809 17.975354
-97.75565 17.979854
-97.753476 17.984353
-97.774083 18.006952
-97.810369 18.04763
-97.815741 18.055529
-97.81806 18.06005
-97.821348 18.063439
-97.825567 18.066828
-97.828153 18.070219
-97.831168 18.076988
-97.833732 18.081508
-97.836296 18.086016
-97.839095 18.091656
-97.841872 18.098428
-97.843254 18.102947
-97.843925 18.108587
-97.843848 18.117607
-97.842154 18.123236
-97.837371 18.129985
-97.832609 18.134486
-97.827834 18.141246
-97.824004 18.145735
-97.821608 18.149115
-97.81803 18.153625
-97.813261 18.159244
-97.809187 18.164865
-97.806335 18.169364
-97.80226 18.174995
-97.799163 18.178363
-97.796034 18.184002
-97.793157 18.188504
-97.790289 18.193013
-97.788359 18.197514
-97.78546 18.204273
-97.783513 18.212152
-97.78275 18.217782
-97.782697 18.223431
-97.78359 18.230202
-97.784963 18.236961
-97.78513 18.24485
-97.776274 18.25723
-97.770566 18.259469
-97.762532 18.259451
-97.757336 18.258309
-97.751202 18.25716
-97.744098 18.256009
-97.733937 18.254849
-97.72613 18.254831
-97.719746 18.25481
-97.713567 18.257051
-97.705019 18.260399
-97.697894 18.26376
-97.692164 18.26825
-97.687167 18.272749
-97.683345 18.276111
-97.680011 18.279479
-97.675676 18.286239
-97.671375 18.290729
-97.664934 18.296338
-97.661364 18.298589
-97.657069 18.303079
-97.653948 18.307579
-97.649416 18.312077
-97.645845 18.314318
-97.638956 18.316548
-97.632569 18.316527
-97.627839 18.315377
-97.618912 18.307448
-97.616114 18.302938
-97.614266 18.298409
-97.611704 18.293888
-97.609612 18.289379
-97.609438 18.28373
-97.607835 18.27809
-97.606706 18.27245
-97.606522 18.26681
-97.606126 18.25892
-97.608568 18.251032
-97.611008 18.243151
-97.612726 18.236392
-97.616592 18.227381
-97.618302 18.220632
-97.620743 18.213873
-97.623642 18.205993
-97.625864 18.196972
-97.629289 18.185714
-97.632417 18.178964
-97.633438 18.171073
-97.632356 18.160925
-97.628387 18.155276
-97.624688 18.146245
-97.621667 18.140595
-97.615113 18.132677
-97.606439 18.125877
-97.599861 18.121348
-97.591912 18.111166
-97.583953 18.104376
-97.580252 18.096468
-97.574402 18.089677
-97.567404 18.080629
-97.563637 18.078358
-97.558471 18.074949
-97.554496 18.071558
-97.548156 18.067029
-97.545363 18.062499
-97.540725 18.05459
-97.536536 18.0478
-97.534713 18.04104
-97.534055 18.035401
-97.532691 18.030881
-97.530615 18.025241
-97.529036 18.018462
-97.526952 18.013952
-97.527478 18.008321
-97.528501 18.000433
-97.52976 17.992552
-97.52986 17.983533
-97.529936 17.976773
-97.529744 17.971143
-97.526755 17.963225
-97.52326 17.957585
-97.5174 17.954174
-97.513409 17.951904
-97.505399 17.950735
-97.498555 17.950705
-97.490544 17.948414
-97.483945 17.948384
-97.478763 17.947236
-97.472614 17.947205
-97.464847 17.944914
-97.459148 17.948265
-97.455815 17.951633
-97.453632 17.956123
-97.452389 17.961753
-97.453053 17.967403
-97.454388 17.973043
-97.458103 17.979823
-97.460874 17.986594
-97.461499 17.994492
-97.465008 17.997883
-97.462315 18.006893
-97.459179 18.012512
-97.455318 18.020381
-97.452679 18.023742
-97.449572 18.028241
-97.447133 18.034991
-97.444462 18.041741
-97.439885 18.04961
-97.437718 18.054109
-97.428958 18.055191
-97.424923 18.05742
-97.421816 18.060791
-97.419178 18.064148
-97.416071 18.067528
-97.412478 18.072009
-97.409373 18.075378
-97.405749 18.082119
-97.400728 18.087728
-97.393588 18.092199
-97.387477 18.088789
-97.382059 18.08763
-97.3771 18.086468
-97.371202 18.086449
-97.368325 18.08981
-97.364739 18.093177
-97.359278 18.095398
-97.356645 18.098758
-97.353067 18.102119
-97.34781 18.106608
-97.344232 18.109968
-97.340645 18.113328
-97.334199 18.118928
-97.330851 18.122286
-97.328218 18.125656
-97.323442 18.130147
-97.316301 18.133477
-97.306839 18.134546
-97.299698 18.139017
-97.295639 18.142375
-97.290871 18.145726
-97.283021 18.149057
-97.275947 18.147886
-97.270775 18.145606
-97.259124 18.149245
-97.252028 18.151527
-97.245169 18.156056
-97.239966 18.158326
-97.231917 18.161736
-97.226941 18.164005
-97.220313 18.166285
-97.215369 18.167425
-97.205893 18.170846
-97.195012 18.172004
-97.18578 18.173164
-97.175863 18.170944
-97.163105 18.167595
-97.158383 18.164225
-97.15224 18.160865
-97.14799 18.157485
-97.143506 18.152995
-97.1395 18.147367
-97.137142 18.143996
-97.133373 18.139495
-97.126055 18.136127
-97.121326 18.133886
-97.116839 18.130516
-97.111881 18.128278
-97.10361 18.126047
-97.09463 18.124937
-97.089433 18.126087
-97.082332 18.127216
-97.078784 18.130606
-97.074518 18.134007
-97.067889 18.136276
-97.064103 18.139668
-97.058893 18.143066
-97.055811 18.146446
-97.047533 18.148727
-97.038308 18.151006
-97.030488 18.155527
-97.025033 18.161176
-97.020286 18.166815
-97.016504 18.170204
-97.012939 18.173596
-97.008667 18.178114
-97.004401 18.181505
-97.000603 18.184894
-96.997047 18.188284
-96.982353 18.200704
-96.978079 18.202964
-96.973343 18.206364
-96.969322 18.208623
-96.965521 18.212004
-96.9615 18.214262
-96.956526 18.215403
-96.94895 18.214293
-96.944236 18.213173
-96.938078 18.213174
-96.932876 18.210923
-96.921767 18.209825
-96.917035 18.210944
-96.910886 18.212083
-96.905211 18.213223
-96.898587 18.212103
-96.893613 18.214364
-96.887455 18.216614
-96.881764 18.218872
-96.873715 18.220013
-96.86852 18.221144
-96.862104 18.225674
-96.856419 18.229054
-96.851674 18.232443
-96.849048 18.236953
-96.840953 18.248231
-96.820704 18.28094
-96.816906 18.284329
-96.811924 18.287709
-96.808824 18.29222
-96.808084 18.29787
-96.807117 18.3035
-96.804254 18.309139
-96.799974 18.313648
-96.792628 18.315909
-96.787629 18.318168
-96.78454 18.32156
-96.78145 18.324929
-96.778598 18.329438
-96.777619 18.335078
-96.777582 18.341846
-96.775195 18.347487
-96.772807 18.351997
-96.769465 18.357636
-96.765192 18.359898
-96.76114 18.363276
-96.756876 18.366667
-96.753305 18.370037
-96.748101 18.368916
-96.74476 18.374558
-96.743553 18.380188
-96.73974 18.382444
-96.7343 18.383576
-96.730493 18.385826
-96.726449 18.388085
-96.723604 18.391476
-96.720262 18.397106
-96.722359 18.401616
-96.728699 18.410635
-96.658347 18.499711
-96.654753 18.504229
-96.651167 18.508731
-96.648529 18.515499
-96.64801 18.524519
-96.647963 18.533551
-96.648162 18.539191
-96.648338 18.54821
-96.64878 18.556098
-96.650154 18.563997
-96.652007 18.570767
-96.654838 18.575276
-96.657654 18.579787
-96.660484 18.583178
-96.669464 18.587687
-96.678474 18.588826
-96.686059 18.589957
-96.691025 18.591086
-96.70002 18.593337
-96.70713 18.595598
-96.710678 18.597858
-96.716356 18.601237
-96.719186 18.604626
-96.721054 18.609136
-96.723886 18.613644
-96.725275 18.618156
-96.724763 18.626054
-96.724496 18.631694
-96.721857 18.638465
-96.717552 18.642974
-96.71161 18.644105
-96.702178 18.645483
-96.699531 18.641844
-96.690514 18.641845
-96.683181 18.639584
-96.676064 18.638445
-96.668724 18.636194
-96.663269 18.635063
-96.657349 18.633936
-96.653563 18.631675
-96.64907 18.629414
-96.643394 18.627156
-96.636284 18.624894
-96.629432 18.621506
-96.622801 18.618115
-96.616178 18.615865
-96.610274 18.611345
-96.603658 18.606825
-96.595847 18.605687
-96.589697 18.603428
-96.582121 18.600035
-96.576687 18.597778
-96.56673 18.596637
-96.54613 18.593226
-96.541148 18.592097
-96.535229 18.590958
-96.528828 18.589817
-96.522685 18.587555
-96.517231 18.586417
-96.512516 18.583027
-96.507549 18.580767
-96.498568 18.577369
-96.492175 18.575108
-96.486506 18.572837
-96.479639 18.570568
-96.474673 18.568309
-96.468775 18.56492
-96.463335 18.563768
-96.459084 18.560388
-96.456033 18.556999
-96.452746 18.552478
-96.450403 18.54796
-96.447839 18.541188
-96.446213 18.536679
-96.444116 18.532159
-96.441552 18.52539
-96.436624 18.519739
-96.432619 18.516342
-96.430276 18.512959
-96.426994 18.50731
-96.420396 18.502791
-96.419244 18.498272
-96.419754 18.492642
-96.416718 18.488121
-96.413888 18.484733
-96.412987 18.479082
-96.411132 18.473444
-96.409524 18.466682
-96.412171 18.459923
-96.409835 18.456524
-96.404427 18.450873
-96.400925 18.444103
-96.400025 18.438464
-96.396987 18.432824
-96.393936 18.429435
-96.389931 18.426043
-96.384056 18.420386
-96.380768 18.416996
-96.376053 18.414737
-96.370384 18.412455
-96.368286 18.407946
-96.363326 18.405675
-96.36077 18.400026
-96.355826 18.395516
-96.350149 18.394366
-96.348059 18.389854
-96.347396 18.384215
-96.344809 18.380826
-96.344884 18.374067
-96.346564 18.369556
-96.348265 18.365058
-96.33483 18.326679
-96.328213 18.326657
-96.322065 18.32552
-96.313794 18.324369
-96.307431 18.32097
-96.301282 18.31982
-96.294888 18.319799
-96.29137 18.31754
-96.287602 18.31528
-96.285269 18.310759
-96.285328 18.304
-96.284923 18.2961
-96.283078 18.289331
-96.281468 18.284821
-96.278912 18.278042
-96.278728 18.272412
-96.281368 18.26791
-96.287083 18.263411
-96.29208 18.260053
-96.299215 18.255564
-96.302578 18.248813
-96.30096 18.243162
-96.297925 18.239773
-96.291761 18.240883
-96.288197 18.243122
-96.284633 18.245364
-96.277539 18.245353
-96.272603 18.241953
-96.268865 18.236304
-96.266301 18.231793
-96.263501 18.227273
-96.263782 18.221633
-96.262418 18.215993
-96.259853 18.211475
-96.258244 18.206965
-96.2559 18.203575
-96.250262 18.199046
-96.246509 18.195654
-96.243472 18.191135
-96.240191 18.187736
-96.235988 18.182095
-96.232227 18.178697
-96.229197 18.175306
-96.226146 18.171917
-96.222423 18.166267
-96.219653 18.158368
-96.216837 18.154976
-96.212144 18.151577
-96.207629 18.153827
-96.203584 18.157187
-96.200235 18.161686
-96.191706 18.163917
-96.184831 18.167266
-96.181245 18.170636
-96.176508 18.171736
-96.167549 18.169466
-96.167146 18.162697
-96.169534 18.159317
-96.174052 18.157076
-96.180894 18.157116
-96.185656 18.152617
-96.183114 18.146978
-96.18577 18.141347
-96.183206 18.136829
-96.177805 18.133429
-96.17334 18.131158
-96.168404 18.126628
-96.162767 18.123228
-96.157831 18.12209
-96.15123 18.120927
-96.142227 18.122029
-96.135354 18.124248
-96.130616 18.125358
-96.124428 18.129848
-96.120383 18.133208
-96.1175 18.138837
-96.117919 18.144467
-96.115279 18.147837
-96.107468 18.148927
-96.101554 18.150036
-96.095397 18.151137
-96.090415 18.153367
-96.085692 18.152217
-96.080047 18.149947
-96.072493 18.148787
-96.001561 18.129299
-95.969975 18.144928
-95.95911 18.143749
-95.954135 18.144847
-95.947994 18.144807
-95.941629 18.142528
-95.93812 18.140249
-95.934123 18.137977
-95.92683 18.135689
-95.92023 18.133398
-95.912683 18.133358
-95.906535 18.133329
-95.900858 18.132168
-95.894724 18.133259
-95.886919 18.133209
-95.882866 18.135448
-95.863642 18.122938
-95.860613 18.11954
-95.858772 18.115029
-95.85408 18.111618
-95.85083 18.107089
-95.842812 18.10592
-95.839538 18.10252
-95.837226 18.097999
-95.811027 17.996415
-95.800154 17.956917
-95.799812 17.947897
-95.838165 17.8749
-95.841073 17.869281
-95.84516 17.861421
-95.849747 17.852441
-95.851921 17.847942
-95.853881 17.841193
-95.854913 17.834443
-95.854964 17.828812
-95.851959 17.824292
-95.850387 17.817523
-95.850715 17.809633
-95.855081 17.798405
-95.861047 17.791673
-95.866991 17.788325
-95.876236 17.782744
-95.88337 17.777154
-95.886987 17.769284
-95.886842 17.762525
-95.885719 17.756886
-95.883691 17.748995
-95.883072 17.742236
-95.881753 17.733216
-95.88521 17.718597
-95.8123 17.509857
-95.700327 17.510267
-95.695782 17.514738
-95.692927 17.518096
-95.687938 17.522567
-95.684367 17.525916
-95.679172 17.527007
-95.669283 17.528066
-95.664323 17.529157
-95.659601 17.530256
-95.6523 17.531325
-95.650605 17.535817
-95.652407 17.541454
-95.647876 17.545925
-95.642732 17.543647
-95.63875 17.541365
-95.631493 17.539056
-95.623544 17.535626
-95.616754 17.533327
-95.61065 17.532145
-95.602158 17.533215
-95.597481 17.532055
-95.58998 17.529746
-95.584092 17.530826
-95.580528 17.533055
-95.573394 17.538627
-95.566079 17.540825
-95.560852 17.544165
-95.553526 17.546366
-95.547181 17.546316
-95.539634 17.548506
-95.532081 17.549564
-95.528472 17.555164
-95.526053 17.560785
-95.521324 17.561874
-95.519371 17.566354
-95.51647 17.571965
-95.510771 17.576424
-95.505782 17.579765
-95.502912 17.583113
-95.497473 17.585333
-95.490843 17.587523
-95.481177 17.588574
-95.473227 17.585124
-95.471716 17.591864
-95.468334 17.597473
-95.462186 17.599674
-95.459316 17.603032
-95.456211 17.606384
-95.450719 17.611963
-95.443379 17.615283
-95.437406 17.620853
-95.433796 17.626452
-95.428577 17.629791
-95.423138 17.630872
-95.418157 17.634211
-95.412456 17.637532
-95.406071 17.639732
-95.403538 17.643122
-95.400615 17.647062
-95.395243 17.654272
-95.388897 17.65422
-95.38087 17.655271
-95.375179 17.658601
-95.370203 17.660812
-95.362613 17.66412
-95.356463 17.665191
-95.352441 17.6674
-95.347934 17.66961
-95.341592 17.668431
-95.337618 17.66615
-95.333583 17.66836
-95.330475 17.671709
-95.326448 17.67393
-95.322648 17.67615
-95.319033 17.680608
-95.315698 17.68396
-95.311875 17.687309
-95.305954 17.689499
-95.303514 17.69511
-95.301094 17.698469
-95.29657 17.701798
-95.291581 17.705128
-95.284675 17.709569
-95.277565 17.712878
-95.272607 17.713957
-95.264334 17.715009
-95.254683 17.714907
-95.248839 17.712597
-95.24086 17.710269
-95.232672 17.706818
-95.225906 17.703369
-95.220062 17.69993
-95.212583 17.696479
-95.205085 17.694149
-95.19782 17.69182
-95.191306 17.687259
-95.185727 17.68269
-95.184645 17.67705
-95.185917 17.671429
-95.186042 17.66355
-95.186154 17.656801
-95.186261 17.650041
-95.186154 17.642151
-95.189954 17.639942
-95.193434 17.643363
-95.20004 17.642293
-95.205969 17.640102
-95.212599 17.636791
-95.219725 17.633492
-95.226562 17.632431
-95.232726 17.630242
-95.240721 17.630322
-95.247512 17.632632
-95.25064 17.628163
-95.252381 17.622542
-95.256484 17.615832
-95.264977 17.614793
-95.270226 17.610332
-95.273132 17.604733
-95.269913 17.600202
-95.265243 17.597904
-95.259635 17.595593
-95.253493 17.596663
-95.256331 17.580924
-95.205649 17.513998
-95.194334 17.501507
-95.10918 17.393312
-95.105007 17.388003
-95.102007 17.384604
-95.099033 17.380063
-95.092746 17.376625
-95.089068 17.372074
-95.086595 17.365295
-94.972939 17.323507
-94.976287 17.320176
-94.980125 17.315716
-94.984879 17.312398
-94.98964 17.309076
-94.990959 17.301207
-94.992439 17.296737
-94.993262 17.289989
-94.99669 17.282148
-94.996109 17.275388
-94.996001 17.267509
-94.999367 17.263049
-94.998536 17.257418
-94.994354 17.25512
-94.988448 17.2573
-94.982788 17.258359
-94.982886 17.252731
-94.985328 17.24826
-94.989432 17.24043
-94.992202 17.230332
-94.992836 17.221341
-94.992988 17.212342
-94.994964 17.206742
-94.999503 17.202291
-95.003144 17.195583
-94.761033 17.182513
-94.665449 17.187983
-94.521204 17.175834
-93.870531 17.141305
-93.858247 17.021982
-93.90417 17.019012
-93.893593 16.915476
-93.895067 16.908736
-93.897226 16.903118
-93.900087 16.896377
-93.903679 16.888527
-93.906748 16.885159
-94.026517 16.779773
-94.033834 16.773042
-94.041096 16.768553
-94.048162 16.764074
-94.051702 16.759583
-94.053609 16.755083
-94.055303 16.748343
-94.056737 16.743844
-94.057975 16.735985
-94.05898 16.726986
-94.059064 16.715746
-94.060307 16.705616
-94.062735 16.694387
-94.064452 16.683148
-94.067115 16.670777
-94.069769 16.660668
-94.072172 16.651679
-94.07482 16.64044
-94.079351 16.62921
-94.083403 16.619099
-94.087211 16.61011
-94.090048 16.604502
-94.092192 16.6
-94.123733 16.503386
-94.123549 16.495526
-94.12265 16.489905
-94.120354 16.484275
-94.118979 16.479785
-94.116677 16.476406
-94.11531 16.471897
-94.111159 16.465157
-94.107925 16.460649
-94.105155 16.457278
-94.101684 16.451647
-94.098913 16.447149
-94.09568 16.442647
-94.094313 16.438148
-94.09297 16.431408
-94.091369 16.42578
-94.091201 16.41792
-94.090803 16.407809
-94.087133 16.39993
-94.082998 16.39093
-94.078633 16.38306
-94.074973 16.372941
-94.073393 16.366191
-94.072249 16.360582
-94.072538 16.354963
-94.073751 16.349343
-94.075881 16.344852
-94.077078 16.340363
-94.081807 16.331384
-94.085158 16.319025
-94.087599 16.304434
-94.089331 16.292075
-94.089414 16.281956
-94.089942 16.272975
-94.088851 16.262868
-94.087293 16.251628
-94.085059 16.240389
-94.083944 16.232519
-94.084234 16.225778
-94.085204 16.22017
-94.08573 16.21231
-94.08647 16.206689
-94.088178 16.19658
-94.089162 16.18872
-94.089674 16.183109
-94.089485 16.176371
-94.091138 16.16647
-94.096373 16.168691
-94.116942 16.20594
-94.125572 16.257807
-94.175073 16.243296
-94.224504 16.241776
-94.331028 16.276935
-94.341978 16.282296
-94.382346 16.329604
-94.400488 16.337464
-94.415931 16.331103
-94.42102 16.295034
-94.450133 16.284406
-94.451241 16.284456
-94.422523 16.239849
-94.389746 16.221598
-94.241809 16.174312
-94.264293 16.195921
-94.256289 16.210718
-94.177316 16.197901
-94.163284 16.175591
-94.090178 16.146741
-94.075414 16.117353
-94.018498 16.068116
-94.015316 16.053335
-94.026837 16.046847
-94.060017 16.055435
-94.184693 16.116464
-94.488069 16.216747
-94.603451 16.230968
-94.744941 16.263545
-94.668416 16.293875
-94.614637 16.328954
-94.598034 16.372661
-94.604633 16.387571
-94.671797 16.391541
-94.701438 16.39388
-94.748642 16.342782
-94.82149 16.319832
-94.828364 16.341781
-94.805643 16.347883
-94.800883 16.366641
-94.822314 16.389199
-94.825519 16.430509
-94.870578 16.477885
-94.913556 16.470987
-94.944043 16.454358
-94.976988 16.38148
-94.976156 16.400399
-95.045136 16.362561
-95.057306 16.340292
-95.06852 16.340732
-95.072327 16.330063
-95.061914 16.311222
-95.084763 16.301315
-95.104104 16.295034
-95.11252 16.268836
-95.10554 16.261516
-94.917104 16.275574
-94.79703 16.264646
-94.782188 16.258066
-94.794076 16.242858
-94.869534 16.248167
-94.936093 16.264436
-95.004561 16.236897
-95.125842 16.218998
-95.17065 16.219688
-95.168613 16.175211
-95.195501 16.16164
-95.239377 16.170931
-95.25949 16.145181
-95.329407 16.106722
-95.390643 16.032736
-95.508046 15.979218
-95.578252 15.957999
-95.95807 15.849135
-96.014306 15.807757
-96.317812 15.687871
-96.384984 15.681881
-96.455122 15.687291
-96.600625 15.674922
-96.666774 15.70121
-96.777091 15.726018
-96.880778 15.73111
-96.884576 15.735008
-96.888475 15.735109
-96.888376 15.738359
-96.89171 15.738449
-96.899316 15.746228
-96.910258 15.753558
-96.921351 15.756018
-96.939418 15.768957
-96.950566 15.769267
-96.979862 15.779256
-96.986905 15.787016
-96.994625 15.790475
-97.012508 15.809345
-97.019673 15.812775
-97.019568 15.816554
-97.056966 15.817555
-97.060193 15.821425
-97.078902 15.832204
-97.08979 15.842223
-97.100737 15.850093
-97.103889 15.857203
-97.10375 15.862062
-97.107657 15.862162
-97.112503 15.869322
-97.114532 15.876411
-97.123383 15.879341
-97.125481 15.884271
-97.129387 15.884372
-97.137565 15.89161
-97.137513 15.893781
-97.158334 15.90892
-97.178255 15.916469
-97.188654 15.92431
-97.203638 15.927939
-97.209689 15.93188
-97.218624 15.932109
-97.220804 15.934329
-97.225832 15.934448
-97.231845 15.939478
-97.246851 15.942569
-97.258954 15.949898
-97.281301 15.950458
-97.287527 15.947918
-97.298694 15.948197
-97.307188 15.944078
-97.343503 15.944978
-97.348449 15.948348
-97.357955 15.948579
-97.365669 15.952557
-97.377912 15.955018
-97.418693 15.956007
-97.424927 15.952918
-97.440111 15.949498
-97.447381 15.949667
-97.447465 15.945888
-97.462578 15.945167
-97.462456 15.950027
-97.473643 15.950297
-97.473582 15.952458
-97.480852 15.952628
-97.485741 15.957618
-97.49183 15.960458
-97.500209 15.960658
-97.502879 15.965597
-97.514004 15.968027
-97.526118 15.975337
-97.532267 15.975477
-97.546993 15.990436
-97.551463 15.990536
-97.551358 15.994316
-97.558003 15.997715
-97.562458 15.997825
-97.562375 16.001605
-97.583614 16.002095
-97.588735 15.998425
-97.587787 15.991376
-97.59506 15.991545
-97.595175 15.986677
-97.599095 15.986766
-97.602497 15.984676
-97.607518 15.984795
-97.607626 15.981006
-97.602589 15.980896
-97.602688 15.977116
-97.593182 15.976896
-97.588261 15.972456
-97.58044 15.972276
-97.580503 15.969576
-97.588321 15.969757
-97.59177 15.966037
-97.614149 15.965466
-97.617962 15.969347
-97.64424 15.969947
-97.644157 15.973726
-97.647405 15.978126
-97.64733 15.980837
-97.669683 15.981336
-97.669776 15.977556
-97.673698 15.977636
-97.674711 15.981447
-97.676939 15.981496
-97.684607 15.988696
-97.69187 15.988865
-97.691787 15.992655
-97.718071 15.992156
-97.718253 15.984586
-97.714347 15.984496
-97.710487 15.982245
-97.710656 15.975216
-97.714562 15.975306
-97.714677 15.970447
-97.725854 15.970687
-97.729829 15.968067
-97.751618 15.968547
-97.806947 15.994095
-98.017587 16.132649
-98.172231 16.207644
-98.201429 16.232004
-98.205404 16.228833
-98.272392 16.240903
-98.346414 16.266061
-98.380565 16.237973
-98.384013 16.233174
-98.43272 16.234022
-98.507375 16.257871
-98.46809 16.323729
-98.459981 16.330339
-98.450366 16.341407
-98.439877 16.350228
-98.426517 16.361247
-98.41077 16.374466
-98.397929 16.383225
-98.389315 16.392075
-98.37833 16.400875
-98.368701 16.411965
-98.361285 16.434295
-98.356813 16.443403
-98.361482 16.454803
-98.363856 16.460582
-98.365474 16.465902
-98.371423 16.474591
-98.374498 16.479092
-98.377315 16.483382
-98.378305 16.4969
-98.376361 16.50366
-98.369495 16.510581
-98.362161 16.51751
-98.351465 16.52003
-98.338785 16.5181
-98.329805 16.51382
-98.319941 16.511821
-98.295502 16.51413
-98.283173 16.520659
-98.271844 16.52494
-98.256171 16.533649
-98.245299 16.537948
-98.232612 16.539959
-98.220451 16.539719
-98.204908 16.543919
-98.19496 16.548238
-98.183964 16.557017
-98.174849 16.565848
-98.167646 16.572468
-98.162679 16.583617
-98.158575 16.597047
-98.156637 16.617266
-98.157674 16.630794
-98.155439 16.644265
-98.152806 16.655464
-98.14723 16.671113
-98.139034 16.679952
-98.128429 16.691002
-98.119825 16.697592
-98.10735 16.708592
-98.098734 16.715172
-98.084917 16.72391
-98.075366 16.730469
-98.068637 16.73709
-98.063295 16.74374
-98.062998 16.754989
-98.065028 16.766288
-98.06759 16.775347
-98.069552 16.788898
-98.073221 16.809247
-98.077419 16.827344
-98.082148 16.843206
-98.084117 16.856755
-98.082224 16.874732
-98.081798 16.890492
-98.081493 16.901741
-98.076969 16.912912
-98.068568 16.928512
-98.060749 16.93961
-98.056224 16.95079
-98.053096 16.96199
-98.049906 16.97544
-98.050487 16.988968
-98.055736 17.002588
-98.060466 17.018456
-98.068676 17.027635
-98.073177 17.034487
-98.082316 17.043686
-98.092517 17.048396
-98.102665 17.055355
-98.112804 17.062315
-98.126644 17.071603
-98.135327 17.080793
-98.144468 17.089973
-98.154554 17.099192
-98.161473 17.103833
-98.17204 17.113052
-98.180846 17.117732
-98.18724 17.124622
-98.194991 17.133783
-98.20179 17.142931
-98.209891 17.1566
-98.217986 17.170279
-98.224738 17.181679
-98.233788 17.195368
-98.245301 17.204608
-98.26075 17.207149
-98.278429 17.214248
-98.290947 17.221238
-98.303462 17.228246
-98.311335 17.232896
-98.318743 17.237547
-98.32896 17.242246
-98.32445 17.253427
-98.325098 17.264706
-98.324289 17.278203
-98.319293 17.289393
-98.314829 17.298323
-98.308314 17.313982
-98.304789 17.322933
-98.304033 17.334192
-98.305635 17.345482
-98.308214 17.354561
-98.313104 17.365911
-98.313173 17.381699
-98.314234 17.395248
-98.31676 17.406568
-98.31914 17.424647
-98.323146 17.433737
-98.328143 17.440588
-98.333095 17.449707
-98.335619 17.461016
-98.337765 17.470085
-98.337885 17.483616
-98.338954 17.497165
-98.341075 17.506225
-98.343974 17.522064
-98.346576 17.531123
-98.349116 17.542452
-98.353596 17.551552
-98.358135 17.558401
-98.365032 17.565292
-98.373814 17.572211
-98.381184 17.579111
-98.388135 17.58375
-98.395977 17.59066
-98.403707 17.602079
-98.409131 17.6112
-98.416769 17.627118
-98.418722 17.642937
-98.420332 17.654247
-98.417691 17.665485
-98.411284 17.676646
-98.408239 17.685616
-98.404593 17.699074
-98.402897 17.710324
-98.401662 17.721573
-98.399037 17.732812
-98.396322 17.746303
-98.393742 17.755262
-98.389746 17.764221
-98.386686 17.773191
-98.383931 17.788931
-98.382588 17.804701
-98.383244 17.816
-98.385387 17.825058
-98.389874 17.834158
-98.393308 17.847757
-98.3954 17.859077
