-97.996277 20.571738
-97.991478 20.564777
-97.989318 20.562517
-97.985991 20.557999
-97.983832 20.553487
-97.9822 20.550078
-97.97982 20.546688
-97.977462 20.542168
-97.974127 20.535388
-97.970816 20.528609
-97.969877 20.525218
-97.967031 20.519561
-97.965132 20.517299
-97.962753 20.51391
-97.959662 20.510519
-97.953887 20.510499
-97.950492 20.515009
-97.948531 20.519521
-97.947546 20.522908
-97.946799 20.52742
-97.946517 20.53194
-97.946006 20.536448
-97.945234 20.542098
-97.944234 20.547738
-97.943717 20.553388
-97.943189 20.559029
-97.942205 20.563546
-97.941451 20.566929
-97.940222 20.571437
-97.938504 20.575949
-97.937262 20.581598
-97.936736 20.586118
-97.935514 20.589497
-97.933776 20.596265
-97.932036 20.604177
-97.929098 20.612065
-97.924459 20.621094
-97.921515 20.628985
-97.919539 20.635755
-97.92095 20.640274
-97.925001 20.645935
-97.931448 20.651604
-97.93717 20.657254
-97.941405 20.670815
-97.942076 20.677593
-97.94229 20.680974
-97.941527 20.686623
-97.940786 20.690013
-97.937878 20.692263
-97.933293 20.693382
-97.928464 20.694503
-97.924619 20.694493
-97.921492 20.695612
-97.918341 20.697862
-97.91496 20.698983
-97.911107 20.700102
-97.908209 20.701222
-97.90218 20.704601
-97.899013 20.707971
-97.897069 20.710231
-97.894634 20.713611
-97.891484 20.716991
-97.889028 20.72263
-97.887998 20.73167
-97.887227 20.73844
-97.88696 20.741831
-97.886449 20.745211
-97.885694 20.749719
-97.884687 20.755371
-97.883923 20.75876
-97.880041 20.76552
-97.876386 20.770029
-97.873937 20.77453
-97.871983 20.777919
-97.870039 20.78131
-97.868329 20.783558
-97.866627 20.785807
-97.863696 20.791448
-97.863293 20.796408
-97.857898 20.805448
-97.857799 20.816757
-97.842334 20.818957
-97.831782 20.812128
-97.833355 20.798558
-97.818385 20.800757
-97.808741 20.798448
-97.803837 20.807486
-97.791766 20.809688
-97.779193 20.811897
-97.764741 20.809577
-97.754168 20.807268
-97.741144 20.804938
-97.730606 20.798098
-97.722962 20.791279
-97.717721 20.784459
-97.70945 20.77999
-97.707358 20.774538
-97.706574 20.766598
-97.706725 20.75981
-97.707344 20.75302
-97.70945 20.74511
-97.710556 20.738341
-97.711883 20.732691
-97.712746 20.727032
-97.712853 20.721372
-97.711121 20.712282
-97.711236 20.706623
-97.711349 20.700952
-97.712495 20.693043
-97.714036 20.688543
-97.715356 20.684033
-97.716742 20.674984
-97.717339 20.669333
-97.718217 20.662543
-97.718895 20.653494
-97.717781 20.648946
-97.713829 20.642086
-97.710555 20.637506
-97.707772 20.631804
-97.704024 20.627216
-97.698508 20.624866
-97.688194 20.622456
-97.680487 20.621205
-97.67575 20.617736
-97.673942 20.612045
-97.673149 20.604096
-97.673019 20.598436
-97.673933 20.590516
-97.674789 20.583728
-97.67427 20.574666
-97.671957 20.570099
-97.663572 20.567708
-97.657079 20.566479
-97.647252 20.564069
-97.641494 20.562838
-97.635733 20.561629
-97.626622 20.559217
-97.616742 20.559069
-97.607557 20.560059
-97.598369 20.56105
-97.58801 20.560889
-97.578654 20.558489
-97.573872 20.557268
-97.569331 20.554938
-97.565555 20.55148
-97.560596 20.546868
-97.557314 20.54229
-97.556217 20.537741
-97.553959 20.530911
-97.552372 20.526359
-97.550312 20.521789
-97.548488 20.51723
-97.543734 20.513761
-97.539501 20.509159
-97.535701 20.506831
-97.530939 20.504491
-97.526644 20.50216
-97.522845 20.499832
-97.519801 20.496381
-97.518954 20.490703
-97.524387 20.485133
-97.532901 20.481873
-97.541331 20.482003
-97.551196 20.482162
-97.557446 20.483391
-97.562336 20.480072
-97.563885 20.475562
-97.571378 20.474553
-97.572711 20.468903
-97.571864 20.463232
-97.575397 20.456482
-97.579075 20.453153
-97.583951 20.450953
-97.592893 20.449965
-97.597997 20.447772
-97.605297 20.444494
-97.611386 20.441195
-97.618017 20.435622
-97.624287 20.435712
-97.628445 20.432384
-97.627638 20.425574
-97.624386 20.419864
-97.625501 20.413085
-97.62991 20.409755
-97.630521 20.404106
-97.631817 20.399587
-97.637144 20.398535
-97.642461 20.397485
-97.648771 20.395316
-97.656713 20.395434
-97.664373 20.397826
-97.668393 20.401275
-97.669928 20.408096
-97.676383 20.410455
-97.681579 20.415064
-97.682898 20.420754
-97.685195 20.426444
-97.688704 20.431026
-97.695388 20.433393
-97.69915 20.437972
-97.701728 20.441413
-97.708725 20.441525
-97.715294 20.438212
-97.718735 20.434873
-97.723641 20.430415
-97.72808 20.425945
-97.73162 20.418064
-97.731736 20.412415
-97.733086 20.405626
-97.735854 20.400006
-97.737151 20.395497
-97.738929 20.390994
-97.745765 20.378917
-97.740777 20.373255
-97.73771 20.366478
-97.737999 20.360827
-97.739723 20.356317
-97.740983 20.349548
-97.742242 20.342776
-97.743979 20.336019
-97.745225 20.331508
-97.747452 20.32361
-97.749404 20.319099
-97.749954 20.312331
-97.747383 20.304409
-97.745025 20.299889
-97.743385 20.294239
-97.741775 20.28859
-97.742676 20.28233
-97.738524 20.274342
-97.735993 20.268631
-97.737205 20.257332
-97.739045 20.249423
-97.741876 20.240404
-97.744621 20.235922
-97.747094 20.232553
-97.749383 20.226923
-97.747139 20.218973
-97.745314 20.214413
-97.741371 20.207563
-97.735985 20.200694
-97.731483 20.197225
-97.72505 20.194863
-97.718893 20.190244
-97.71563 20.185664
-97.714539 20.179994
-97.714698 20.172075
-97.714827 20.166404
-97.714965 20.160746
-97.714645 20.152816
-97.712623 20.145985
-97.711302 20.140306
-97.706878 20.133448
-97.70407 20.130017
-97.697653 20.126518
-97.692633 20.125307
-97.684216 20.125197
-97.675551 20.126187
-97.671406 20.128397
-97.665097 20.128326
-97.661732 20.131647
-97.657812 20.134987
-97.655339 20.138356
-97.650876 20.143936
-97.645964 20.149526
-97.642744 20.154005
-97.638578 20.157346
-97.635137 20.160685
-97.63194 20.164036
-97.627522 20.168496
-97.622823 20.174096
-97.618656 20.177425
-97.614521 20.179624
-97.610866 20.181836
-97.606037 20.182896
-97.602748 20.179444
-97.603137 20.172654
-97.603305 20.164735
-97.602504 20.157916
-97.600972 20.151107
-97.599658 20.145426
-97.59759 20.140867
-97.596249 20.136316
-97.594921 20.131767
-97.593106 20.126079
-97.592037 20.120399
-97.590251 20.114709
-97.589916 20.107919
-97.588566 20.103358
-97.587489 20.097678
-97.58205 20.094198
-97.575382 20.091829
-97.568646 20.091728
-97.559259 20.09271
-97.548846 20.095949
-97.543245 20.099259
-97.539111 20.101448
-97.532464 20.108148
-97.526796 20.114839
-97.520898 20.120407
-97.514734 20.127108
-97.509797 20.132688
-97.506593 20.136038
-97.503632 20.139388
-97.498239 20.144956
-97.493044 20.150538
-97.487411 20.154976
-97.483223 20.159437
-97.480508 20.162785
-97.477242 20.168396
-97.473754 20.174005
-97.465745 20.177275
-97.462784 20.180626
-97.459762 20.186235
-97.457045 20.189585
-97.454742 20.195216
-97.454599 20.202004
-97.452538 20.207635
-97.445649 20.214314
-97.441902 20.219914
-97.43801 20.222113
-97.432213 20.223155
-97.425696 20.224172
-97.419203 20.224065
-97.411963 20.225082
-97.406485 20.222723
-97.401975 20.220382
-97.395247 20.220274
-97.389853 20.224712
-97.38619 20.226914
-97.382254 20.230244
-97.376653 20.233553
-97.370358 20.234572
-97.361264 20.233292
-97.357732 20.229835
-97.353345 20.222964
-97.349293 20.220625
-97.345083 20.216023
-97.340619 20.211414
-97.337576 20.207966
-97.334537 20.204525
-97.327671 20.199875
-97.319134 20.195194
-97.313924 20.191707
-97.308703 20.189357
-97.301448 20.190355
-97.296443 20.189134
-97.289729 20.187885
-97.281589 20.186616
-97.275393 20.184244
-97.270374 20.183026
-97.26395 20.180644
-97.256067 20.178246
-97.24817 20.176967
-97.240045 20.174556
-97.234072 20.173316
-97.220696 20.169686
-97.213975 20.169565
-97.208002 20.168327
-97.201554 20.165946
-97.195854 20.163575
-97.190117 20.162336
-97.178605 20.160996
-97.17192 20.159745
-97.165696 20.158506
-97.157578 20.156088
-97.15335 20.152608
-97.148087 20.151376
-97.139214 20.150087
-97.132254 20.149957
-97.125044 20.149826
-97.119375 20.146325
-97.115615 20.142857
-97.112188 20.135999
-97.112416 20.126949
-97.113736 20.122437
-97.118528 20.113467
-97.123068 20.105628
-97.126784 20.101159
-97.130499 20.096709
-97.13713 20.09117
-97.145439 20.08566
-97.150298 20.083488
-97.154198 20.081291
-97.160347 20.07574
-97.165984 20.071321
-97.172149 20.064639
-97.177649 20.05682
-97.181899 20.05009
-97.18441 20.045612
-97.187166 20.04113
-97.190689 20.034411
-97.192725 20.029913
-97.194321 20.024283
-97.196098 20.019784
-97.19873 20.010774
-97.200815 20.004014
-97.20363 19.997273
-97.206926 19.990545
-97.212166 19.982712
-97.215608 19.979374
-97.220337 19.972664
-97.223564 19.968206
-97.230805 19.957014
-97.234842 19.949155
-97.239419 19.939047
-97.242701 19.932316
-97.247735 19.922207
-97.250046 19.916597
-97.252381 19.909836
-97.254907 19.904227
-97.261286 19.898676
-97.264246 19.895338
-97.266971 19.891979
-97.271936 19.885289
-97.276896 19.878578
-97.280117 19.87411
-97.283152 19.868497
-97.285921 19.862888
-97.287227 19.85839
-97.288653 19.849349
-97.288837 19.841431
-97.290393 19.836931
-97.29207 19.826771
-97.293628 19.82227
-97.295442 19.816642
-97.297519 19.809882
-97.299326 19.804252
-97.30089 19.799762
-97.302966 19.793002
-97.305133 19.782852
-97.306522 19.774953
-97.308871 19.767064
-97.311427 19.760324
-97.313296 19.752434
-97.314197 19.744525
-97.316256 19.738894
-97.319582 19.731035
-97.32484 19.720935
-97.327936 19.711938
-97.331028 19.702936
-97.335805 19.693957
-97.338572 19.688357
-97.340618 19.682727
-97.342212 19.675967
-97.344029 19.670338
-97.346584 19.663589
-97.348643 19.657969
-97.349941 19.653469
-97.351964 19.648968
-97.35423 19.644479
-97.356252 19.639989
-97.360272 19.632138
-97.36475 19.625419
-97.368259 19.618679
-97.372509 19.610841
-97.378683 19.60302
-97.382587 19.599691
-97.388661 19.5964
-97.396131 19.594261
-97.402913 19.590981
-97.40679 19.58878
-97.411422 19.585462
-97.416944 19.574233
-97.418043 19.568593
-97.418676 19.561822
-97.416914 19.554994
-97.413991 19.547022
-97.410063 19.541303
-97.406285 19.538973
-97.401554 19.536633
-97.39781 19.533183
-97.393338 19.529716
-97.38792 19.526225
-97.384175 19.522764
-97.381139 19.519323
-97.379102 19.514765
-97.378544 19.507964
-97.377485 19.502284
-97.376264 19.493206
-97.376394 19.487558
-97.37541 19.478485
-97.374606 19.471677
-97.372577 19.467125
-97.37016 19.458038
-97.364833 19.451156
-97.359684 19.446549
-97.355671 19.444209
-97.349293 19.440709
-97.344569 19.438367
-97.342052 19.433789
-97.342418 19.428148
-97.346079 19.424808
-97.354266 19.422689
-97.360248 19.422787
-97.367198 19.421769
-97.374135 19.421898
-97.379445 19.419719
-97.384991 19.417548
-97.389431 19.411971
-97.392834 19.404179
-97.389242 19.399519
-97.387638 19.3961
-97.384145 19.39264
-97.381093 19.39033
-97.377322 19.387999
-97.3709 19.38676
-97.363545 19.38437
-97.357837 19.38315
-97.352611 19.381931
-97.348339 19.38073
-97.343882 19.377262
-97.340374 19.373802
-97.338068 19.370361
-97.335499 19.368061
-97.332714 19.364621
-97.330883 19.361191
-97.326929 19.356602
-97.323847 19.355412
-97.319041 19.356462
-97.314753 19.356392
-97.309679 19.35856
-97.305347 19.359631
-97.300806 19.359542
-97.296268 19.359473
-97.291757 19.358252
-97.288416 19.35819
-97.284837 19.358131
-97.281037 19.356931
-97.27823 19.354632
-97.275149 19.353441
-97.272577 19.351133
-97.270004 19.348823
-97.268419 19.345403
-97.267306 19.341992
-97.26622 19.337442
-97.265825 19.334042
-97.264054 19.328353
-97.261361 19.321514
-97.258851 19.316944
-97.254862 19.313485
-97.249871 19.312263
-97.245354 19.311065
-97.238708 19.309804
-97.235421 19.308524
-97.226815 19.307333
-97.220649 19.306093
-97.215607 19.307134
-97.208176 19.308122
-97.200988 19.309134
-97.195212 19.310155
-97.187766 19.312295
-97.181288 19.313303
-97.175535 19.314323
-97.168798 19.316464
-97.162787 19.317493
-97.158734 19.317413
-97.15467 19.317344
-97.149207 19.316113
-97.143071 19.312602
-97.13789 19.310244
-97.134801 19.309064
-97.132482 19.306755
-97.127323 19.303264
-97.124997 19.300964
-97.121961 19.297515
-97.117338 19.295604
-97.116772 19.291956
-97.11623 19.288354
-97.113667 19.286046
-97.110386 19.283714
-97.106716 19.277996
-97.103451 19.274546
-97.098203 19.274446
-97.093793 19.278884
-97.088032 19.279905
-97.083554 19.277565
-97.07738 19.276315
-97.07349 19.278506
-97.068843 19.282945
-97.065571 19.289675
-97.063061 19.294145
-97.056529 19.297424
-97.048832 19.299524
-97.043094 19.299424
-97.038355 19.298203
-97.034953 19.300396
-97.032482 19.303754
-97.030268 19.305963
-97.0255 19.305874
-97.021015 19.303535
-97.019015 19.297834
-97.016092 19.297307
-97.011881 19.296565
-97.007829 19.296485
-97.004274 19.295285
-97.001269 19.291836
-97.000643 19.288425
-96.99592 19.286075
-96.990937 19.284845
-96.989359 19.281425
-96.987061 19.277986
-96.986969 19.272327
-96.984644 19.270016
-96.978082 19.265367
-96.980958 19.262365
-96.984467 19.258707
-96.986498 19.254217
-96.989962 19.249758
-96.9927 19.245296
-96.994311 19.238527
-96.995844 19.235167
-97.001223 19.231607
-97.001078 19.226218
-97.00165 19.222839
-97.005594 19.218399
-97.010393 19.217348
-97.012393 19.213999
-97.013909 19.210628
-97.017039 19.209567
-97.019044 19.206209
-97.021508 19.20286
-97.025628 19.20068
-97.032404 19.19741
-97.034632 19.194059
-97.038601 19.188478
-97.042474 19.18629
-97.046564 19.185241
-97.049305 19.180761
-97.05202 19.177431
-97.056103 19.176369
-97.061405 19.174211
-97.064595 19.170881
-97.067486 19.169802
-97.070614 19.16873
-97.075871 19.16882
-97.079402 19.168571
-97.088535 19.16793
-97.091633 19.16799
-97.094913 19.17032
-97.101323 19.17157
-97.109165 19.17284
-97.114171 19.172931
-97.118977 19.1719
-97.122373 19.16969
-97.128186 19.166409
-97.13393 19.165389
-97.138288 19.163212
-97.141898 19.162141
-97.146214 19.162971
-97.152181 19.161189
-97.157423 19.161292
-97.160978 19.162491
-97.168088 19.16488
-97.176154 19.166151
-97.184455 19.16856
-97.190886 19.168679
-97.199027 19.167701
-97.211966 19.16567
-97.221115 19.162441
-97.22979 19.1592
-97.238961 19.154841
-97.245477 19.151562
-97.251289 19.148272
-97.257896 19.141601
-97.261316 19.138263
-97.264344 19.131532
-97.26738 19.124804
-97.267297 19.118014
-97.265801 19.111202
-97.263306 19.105494
-97.260796 19.100932
-97.257599 19.095214
-97.253685 19.089493
-97.249 19.086024
-97.244796 19.082553
-97.241325 19.077974
-97.241708 19.072315
-97.243096 19.064424
-97.243926 19.059885
-97.247155 19.042246
-97.245599 19.034325
-97.248809 19.025325
-97.250289 19.019686
-97.251534 19.015188
-97.252579 19.007286
-97.254128 18.998267
-97.254701 18.990378
-97.254296 18.983599
-97.25367 18.976818
-97.251351 18.972299
-97.249763 18.964378
-97.249131 18.958729
-97.247781 18.953081
-97.246415 18.9463
-97.246254 18.940659
-97.246087 18.935021
-97.244981 18.928241
-97.244347 18.922591
-97.242287 18.91581
-97.239257 18.910143
-97.239846 18.901122
-97.242278 18.896613
-97.245659 18.892122
-97.250213 18.888773
-97.25499 18.886541
-97.260988 18.883193
-97.267655 18.880981
-97.274339 18.878763
-97.277925 18.876532
-97.285577 18.873202
-97.289186 18.869823
-97.295892 18.865354
-97.299257 18.861994
-97.302866 18.858623
-97.30578 18.853014
-97.312921 18.831614
-97.316812 18.824864
-97.320229 18.815858
-97.322902 18.811366
-97.325327 18.806856
-97.327281 18.802358
-97.3295 18.795597
-97.332422 18.789977
-97.334117 18.785466
-97.3361 18.778707
-97.338298 18.774208
-97.33996 18.770356
-97.339129 18.762937
-97.334453 18.757258
-97.332109 18.753859
-97.330041 18.748208
-97.328462 18.742557
-97.3295 18.733539
-97.331475 18.72678
-97.333185 18.72228
-97.338739 18.714421
-97.34376 18.71106
-97.347613 18.70656
-97.350496 18.703201
-97.352205 18.6987
-97.355112 18.694201
-97.35254 18.690802
-97.349031 18.686272
-97.343882 18.679471
-97.34109 18.674943
-97.338549 18.669281
-97.334353 18.662494
-97.331315 18.657965
-97.327807 18.654552
-97.324038 18.651152
-97.318621 18.647733
-97.314858 18.645453
-97.309427 18.643163
-97.30398 18.642003
-97.287467 18.641974
-97.279641 18.642004
-97.273224 18.643154
-97.265877 18.643172
-97.258515 18.644333
-97.252105 18.645482
-97.244513 18.645503
-97.23716 18.646663
-97.232412 18.647803
-97.22126 18.647831
-97.214614 18.646735
-97.204405 18.646774
-97.193968 18.646792
-97.185438 18.644572
-97.149174 18.622106
-97.134724 18.609735
-97.13332 18.605227
-97.130726 18.601856
-97.129063 18.595085
-97.128606 18.587184
-97.128384 18.581558
-97.130055 18.577037
-97.128422 18.563507
-97.127011 18.558999
-97.124898 18.554486
-97.12086 18.552239
-97.117785 18.548868
-97.114002 18.544366
-97.109278 18.537607
-97.10834 18.531978
-97.098658 18.515069
-97.097735 18.509441
-97.095852 18.502681
-97.094431 18.49817
-97.092554 18.493661
-97.090419 18.489159
-97.08926 18.483521
-97.08713 18.479012
-97.083606 18.472251
-97.081004 18.468881
-97.07864 18.464372
-97.07439 18.45762
-97.070604 18.457621
-97.063974 18.457634
-97.055909 18.457652
-97.049044 18.457672
-97.04194 18.456562
-97.036974 18.454313
-97.029397 18.449823
-97.026093 18.446434
-97.017794 18.445341
-97.014946 18.448713
-97.012331 18.453232
-97.008027 18.461132
-97.004227 18.466773
-97.000894 18.472432
-96.997804 18.476943
-96.994233 18.48371
-96.989226 18.49162
-96.98446 18.49952
-96.97827 18.505181
-96.973526 18.506311
-96.968323 18.50519
-96.963096 18.506328
-96.944624 18.502971
-96.938467 18.50297
-96.931342 18.50411
-96.927786 18.506381
-96.923277 18.50864
-96.917342 18.513159
-96.913755 18.516538
-96.907111 18.522178
-96.90212 18.526709
-96.89546 18.530098
-96.889761 18.533489
-96.882864 18.535749
-96.875525 18.533497
-96.869625 18.52899
-96.86276 18.525611
-96.849995 18.517728
-96.841472 18.516609
-96.835079 18.515491
-96.829388 18.51436
-96.823239 18.512111
-96.817797 18.509859
-96.809031 18.507612
-96.802639 18.506481
-96.796481 18.50423
-96.789621 18.5031
-96.784181 18.499722
-96.780894 18.49409
-96.777362 18.489583
-96.776201 18.485062
-96.774561 18.479423
-96.772226 18.474911
-96.767757 18.467022
-96.766366 18.461382
-96.763551 18.453492
-96.760264 18.447852
-96.757211 18.442213
-96.752259 18.436582
-96.747559 18.430933
-96.744257 18.427553
-96.74096 18.424174
-96.736955 18.419664
-96.731302 18.414024
-96.728699 18.410635
-96.722359 18.401616
-96.720262 18.397106
-96.723604 18.391476
-96.726449 18.388085
-96.730493 18.385826
-96.7343 18.383576
-96.73974 18.382444
-96.743553 18.380188
-96.74476 18.374558
-96.748101 18.368916
-96.753305 18.370037
-96.756876 18.366667
-96.76114 18.363276
-96.765192 18.359898
-96.769465 18.357636
-96.772807 18.351997
-96.775195 18.347487
-96.777582 18.341846
-96.777619 18.335078
-96.778598 18.329438
-96.78145 18.324929
-96.78454 18.32156
-96.787629 18.318168
-96.792628 18.315909
-96.799974 18.313648
-96.804254 18.309139
-96.807117 18.3035
-96.808084 18.29787
-96.808824 18.29222
-96.811924 18.287709
-96.816906 18.284329
-96.820704 18.28094
-96.840953 18.248231
-96.849048 18.236953
-96.851674 18.232443
-96.856419 18.229054
-96.862104 18.225674
-96.86852 18.221144
-96.873715 18.220013
-96.881764 18.218872
-96.887455 18.216614
-96.893613 18.214364
-96.898587 18.212103
-96.905211 18.213223
-96.910886 18.212083
-96.917035 18.210944
-96.921767 18.209825
-96.932876 18.210923
-96.938078 18.213174
-96.944236 18.213173
-96.94895 18.214293
-96.956526 18.215403
-96.9615 18.214262
-96.965521 18.212004
-96.969322 18.208623
-96.973343 18.206364
-96.978079 18.202964
-96.982353 18.200704
-96.997047 18.188284
-97.000603 18.184894
-97.004401 18.181505
-97.008667 18.178114
-97.012939 18.173596
-97.016504 18.170204
-97.020286 18.166815
-97.025033 18.161176
-97.030488 18.155527
-97.038308 18.151006
-97.047533 18.148727
-97.055811 18.146446
-97.058893 18.143066
-97.064103 18.139668
-97.067889 18.136276
-97.074518 18.134007
-97.078784 18.130606
-97.082332 18.127216
-97.089433 18.126087
-97.09463 18.124937
-97.10361 18.126047
-97.111881 18.128278
-97.116839 18.130516
-97.121326 18.133886
-97.126055 18.136127
-97.133373 18.139495
-97.137142 18.143996
-97.1395 18.147367
-97.143506 18.152995
-97.14799 18.157485
-97.15224 18.160865
-97.158383 18.164225
-97.163105 18.167595
-97.175863 18.170944
-97.18578 18.173164
-97.195012 18.172004
-97.205893 18.170846
-97.215369 18.167425
-97.220313 18.166285
-97.226941 18.164005
-97.231917 18.161736
-97.239966 18.158326
-97.245169 18.156056
-97.252028 18.151527
-97.259124 18.149245
-97.270775 18.145606
-97.275947 18.147886
-97.283021 18.149057
-97.290871 18.145726
-97.295639 18.142375
-97.299698 18.139017
-97.306839 18.134546
-97.316301 18.133477
-97.323442 18.130147
-97.328218 18.125656
-97.330851 18.122286
-97.334199 18.118928
-97.340645 18.113328
-97.344232 18.109968
-97.34781 18.106608
-97.353067 18.102119
-97.356645 18.098758
-97.359278 18.095398
-97.364739 18.093177
-97.368325 18.08981
-97.371202 18.086449
-97.3771 18.086468
-97.382059 18.08763
-97.387477 18.088789
-97.393588 18.092199
-97.400728 18.087728
-97.405749 18.082119
-97.409373 18.075378
-97.412478 18.072009
-97.416071 18.067528
-97.419178 18.064148
-97.421816 18.060791
-97.424923 18.05742
-97.428958 18.055191
-97.437718 18.054109
-97.439885 18.04961
-97.444462 18.041741
-97.447133 18.034991
-97.449572 18.028241
-97.452679 18.023742
-97.455318 18.020381
-97.459179 18.012512
-97.462315 18.006893
-97.465008 17.997883
-97.461499 17.994492
-97.460874 17.986594
-97.458103 17.979823
-97.454388 17.973043
-97.453053 17.967403
-97.452389 17.961753
-97.453632 17.956123
-97.455815 17.951633
-97.459148 17.948265
-97.464847 17.944914
-97.472614 17.947205
-97.478763 17.947236
-97.483945 17.948384
-97.490544 17.948414
-97.498555 17.950705
-97.505399 17.950735
-97.513409 17.951904
-97.5174 17.954174
-97.52326 17.957585
-97.526755 17.963225
-97.529744 17.971143
-97.529936 17.976773
-97.52986 17.983533
-97.52976 17.992552
-97.528501 18.000433
-97.527478 18.008321
-97.526952 18.013952
-97.529036 18.018462
-97.530615 18.025241
-97.532691 18.030881
-97.534055 18.035401
-97.534713 18.04104
-97.536536 18.0478
-97.540725 18.05459
-97.545363 18.062499
-97.548156 18.067029
-97.554496 18.071558
-97.558471 18.074949
-97.563637 18.078358
-97.567404 18.080629
-97.574402 18.089677
-97.580252 18.096468
-97.583953 18.104376
-97.591912 18.111166
-97.599861 18.121348
-97.606439 18.125877
-97.615113 18.132677
-97.621667 18.140595
-97.624688 18.146245
-97.628387 18.155276
-97.632356 18.160925
-97.633438 18.171073
-97.632417 18.178964
-97.629289 18.185714
-97.625864 18.196972
-97.623642 18.205993
-97.620743 18.213873
-97.618302 18.220632
-97.616592 18.227381
-97.612726 18.236392
-97.611008 18.243151
-97.608568 18.251032
-97.606126 18.25892
-97.606522 18.26681
-97.606706 18.27245
-97.607835 18.27809
-97.609438 18.28373
-97.609612 18.289379
-97.611704 18.293888
-97.614266 18.298409
-97.616114 18.302938
-97.618912 18.307448
-97.627839 18.315377
-97.632569 18.316527
-97.638956 18.316548
-97.645845 18.314318
-97.649416 18.312077
-97.653948 18.307579
-97.657069 18.303079
-97.661364 18.298589
-97.664934 18.296338
-97.671375 18.290729
-97.675676 18.286239
-97.680011 18.279479
-97.683345 18.276111
-97.687167 18.272749
-97.692164 18.26825
-97.697894 18.26376
-97.705019 18.260399
-97.713567 18.257051
-97.719746 18.25481
-97.72613 18.254831
-97.733937 18.254849
-97.744098 18.256009
-97.751202 18.25716
-97.757336 18.258309
-97.762532 18.259451
-97.770566 18.259469
-97.776274 18.25723
-97.78513 18.24485
-97.784963 18.236961
-97.78359 18.230202
-97.782697 18.223431
-97.78275 18.217782
-97.783513 18.212152
-97.78546 18.204273
-97.788359 18.197514
-97.790289 18.193013
-97.793157 18.188504
-97.796034 18.184002
-97.799163 18.178363
-97.80226 18.174995
-97.806335 18.169364
-97.809187 18.164865
-97.813261 18.159244
-97.81803 18.153625
-97.821608 18.149115
-97.824004 18.145735
-97.827834 18.141246
-97.832609 18.134486
-97.837371 18.129985
-97.842154 18.123236
-97.843848 18.117607
-97.843925 18.108587
-97.843254 18.102947
-97.841872 18.098428
-97.839095 18.091656
-97.836296 18.086016
-97.833732 18.081508
-97.831168 18.076988
-97.828153 18.070219
-97.825567 18.066828
-97.821348 18.063439
-97.81806 18.06005
-97.815741 18.055529
-97.810369 18.04763
-97.774083 18.006952
-97.753476 17.984353
-97.75565 17.979854
-97.757809 17.975354
-97.760685 17.969714
-97.764516 17.964103
-97.767873 17.958475
-97.770748 17.952835
-97.773388 17.948345
-97.77554 17.943844
-97.778898 17.938214
-97.780591 17.933715
-97.786329 17.924716
-97.7899 17.920215
-97.79514 17.914586
-97.79894 17.912346
-97.804616 17.908976
-97.809599 17.906746
-97.81857 17.906755
-97.824003 17.907905
-97.83319 17.909056
-97.839307 17.911325
-97.844023 17.912456
-97.849898 17.914725
-97.856734 17.916995
-97.863571 17.918136
-97.869467 17.918155
-97.876319 17.918166
-97.882911 17.919305
-97.89141 17.920446
-97.898476 17.922715
-97.906005 17.924985
-97.909545 17.927244
-97.914002 17.929505
-97.917055 17.932895
-97.919624 17.936274
-97.922195 17.939665
-97.92453 17.943054
-97.926607 17.950944
-97.92894 17.954333
-97.932664 17.961102
-97.93499 17.965613
-97.9385 17.970124
-97.942719 17.974642
-97.947901 17.976903
-97.953095 17.978043
-97.960404 17.979172
-98.043789 17.978154
-98.103079 17.974824
-98.113241 17.975953
-98.219064 17.970333
-98.223824 17.965823
-98.229028 17.961324
-98.232353 17.957933
-98.235445 17.953423
-98.237374 17.946664
-98.237649 17.937634
-98.236977 17.928625
-98.23819 17.922985
-98.238931 17.915095
-98.23897 17.908335
-98.239703 17.902705
-98.240197 17.897066
-98.242364 17.889175
-98.243815 17.883536
-98.245988 17.873397
-98.248383 17.866628
-98.252412 17.859868
-98.257394 17.858738
-98.261141 17.862117
-98.263712 17.866628
-98.267001 17.870008
-98.269349 17.874507
-98.27309 17.880147
-98.275676 17.883526
-98.278255 17.886906
-98.281068 17.891407
-98.283884 17.895916
-98.287647 17.899296
-98.290919 17.902675
-98.294909 17.907186
-98.298693 17.909434
-98.30624 17.909425
-98.311688 17.907176
-98.316197 17.901525
-98.318591 17.893637
-98.320041 17.884627
-98.320323 17.874476
-98.320826 17.868836
-98.322025 17.863209
-98.323231 17.856437
-98.324207 17.849678
-98.324946 17.844048
-98.326603 17.839539
-98.330645 17.835029
-98.336071 17.832758
-98.34338 17.832758
-98.349987 17.836129
-98.356091 17.838379
-98.362385 17.839138
-98.365048 17.842879
-98.370473 17.845129
-98.375188 17.848498
-98.3954 17.859077
-98.400258 17.872706
-98.402372 17.881765
-98.406767 17.895385
-98.410796 17.904485
-98.42002 17.913675
-98.433485 17.922945
-98.44371 17.929893
-98.454467 17.934594
-98.462806 17.941514
-98.467369 17.948364
-98.474754 17.955264
-98.484048 17.962202
-98.493401 17.966873
-98.503366 17.964793
-98.511506 17.960413
-98.522806 17.962872
-98.536088 17.960842
-98.547533 17.956522
-98.557512 17.954443
-98.568019 17.950103
-98.579882 17.948052
-98.592281 17.943753
-98.607502 17.939494
-98.618434 17.937413
-98.628773 17.939843
-98.640011 17.944543
-98.645412 17.955912
-98.650822 17.967283
-98.656339 17.974151
-98.66647 17.985591
-98.67861 17.992562
-98.68549 18.001701
-98.690496 18.01081
-98.70078 18.015489
-98.709098 18.02465
-98.721801 18.027109
-98.734046 18.029559
-98.744873 18.031988
-98.754271 18.034399
-98.769302 18.039148
-98.777199 18.046037
-98.787971 18.050718
-98.793022 18.057568
-98.799928 18.064748
-98.793235 18.071488
-98.782776 18.078207
-98.777495 18.084947
-98.770806 18.091676
-98.767883 18.100696
-98.764953 18.109705
-98.771028 18.116496
-98.779473 18.123295
-98.786994 18.127844
-98.800759 18.123394
-98.816887 18.118955
-98.826395 18.114485
-98.836825 18.112274
-98.850581 18.107816
-98.86432 18.105616
-98.878131 18.101296
-98.880831 18.110186
-98.887859 18.116986
-98.892505 18.126035
-98.894276 18.139573
-98.896525 18.150852
-98.89596 18.162133
-98.896739 18.180182
-98.900401 18.193732
-98.910282 18.200541
-98.921131 18.202831
-98.934406 18.200621
-98.949102 18.198411
-98.964704 18.200722
-98.972654 18.212029
-98.980542 18.230109
-98.985189 18.23914
-98.993179 18.245939
-99.004516 18.250487
-99.022026 18.252797
-99.032881 18.255089
-99.043267 18.259628
-99.048394 18.268667
-99.04734 18.282198
-99.048676 18.293488
-99.050964 18.302516
-99.05371 18.313805
-99.056001 18.322836
-99.055443 18.334125
-99.046182 18.334384
-99.041207 18.336675
-99.034585 18.341224
-99.030791 18.344634
-99.027709 18.348024
-99.02417 18.350304
-99.018722 18.353714
-99.014464 18.357123
-99.008773 18.361665
-99.004035 18.365084
-99.000014 18.367353
-98.995039 18.368504
-98.986982 18.369684
-98.981527 18.371963
-98.97608 18.373123
-98.970641 18.375414
-98.964484 18.377692
-98.95429 18.380003
-98.949324 18.382284
-98.944814 18.385692
-98.941273 18.391344
-98.938656 18.400382
-98.937238 18.40941
-98.935568 18.413931
-98.933919 18.419581
-98.92848 18.42526
-98.924916 18.42752
-98.921132 18.43206
-98.91354 18.435471
-98.909748 18.438879
-98.904287 18.441161
-98.896947 18.443449
-98.891262 18.44573
-98.885098 18.448019
-98.881542 18.451411
-98.877986 18.453689
-98.873477 18.458229
-98.868258 18.462759
-98.863986 18.469549
-98.861858 18.474069
-98.857341 18.481987
-98.852847 18.487638
-98.849292 18.492169
-98.846439 18.495567
-98.842395 18.501228
-98.83932 18.505759
-98.834329 18.511418
-98.828889 18.513695
-98.817498 18.508107
-98.81441 18.504728
-98.80849 18.502496
-98.803507 18.499129
-98.802324 18.49349
-98.800668 18.487867
-98.797113 18.484488
-98.793336 18.481128
-98.788584 18.478879
-98.782425 18.477779
-98.779587 18.474408
-98.775559 18.472169
-98.769868 18.469929
-98.765122 18.466559
-98.762527 18.463179
-98.759437 18.458689
-98.756592 18.453061
-98.752342 18.44969
-98.750458 18.445181
-98.747848 18.44068
-98.745484 18.43618
-98.742882 18.431671
-98.741477 18.42604
-98.738151 18.42266
-98.733665 18.417041
-98.731056 18.412541
-98.728698 18.409161
-98.727042 18.404651
-98.722068 18.400162
-98.716148 18.397922
-98.708807 18.395691
-98.704292 18.397961
-98.69766 18.400243
-98.695517 18.404762
-98.698591 18.408131
-98.702146 18.410381
-98.703552 18.416012
-98.702132 18.42279
-98.703307 18.428429
-98.706847 18.432919
-98.708273 18.437431
-98.705893 18.441961
-98.704947 18.44872
-98.704926 18.456619
-98.702781 18.462269
-98.703017 18.467909
-98.703475 18.475808
-98.702995 18.483708
-98.701797 18.488228
-98.700363 18.494988
-98.698935 18.499507
-98.702017 18.504008
-98.703666 18.508527
-98.702475 18.515297
-98.701751 18.520937
-98.703391 18.525447
-98.705765 18.528828
-98.704344 18.533348
-98.707427 18.537846
-98.710014 18.542345
-98.710006 18.551364
-98.710707 18.557017
-98.710707 18.562656
-98.711402 18.568296
-98.713058 18.576183
-98.714462 18.580695
-98.714698 18.587453
-98.713745 18.594234
-98.715393 18.601003
-98.717284 18.605514
-98.720597 18.612272
-98.723916 18.617892
-98.726044 18.622402
-98.726745 18.628042
-98.725792 18.634811
-98.724366 18.639341
-98.721984 18.642731
-98.714387 18.643883
-98.704177 18.645043
-98.697525 18.643932
-98.691581 18.64396
-98.686377 18.645102
-98.681631 18.64399
-98.676406 18.645131
-98.672834 18.647401
-98.67021 18.653061
-98.670203 18.660951
-98.670904 18.66885
-98.671843 18.677869
-98.673247 18.68577
-98.675146 18.690278
-98.679641 18.69816
-98.683197 18.702668
-98.686752 18.706038
-98.691015 18.709409
-98.697196 18.712777
-98.701698 18.715018
-98.708588 18.717249
-98.714752 18.721748
-98.718787 18.723986
-98.725914 18.727358
-98.731842 18.730717
-98.735642 18.734089
-98.738488 18.737467
-98.738 18.743107
-98.737282 18.748757
-98.736091 18.753277
-98.733948 18.758917
-98.732276 18.763435
-98.729415 18.769096
-98.726326 18.773615
-98.723466 18.778147
-98.720368 18.783804
-98.717033 18.789455
-98.712981 18.796244
-98.710358 18.803015
-98.707748 18.807544
-98.705367 18.810933
-98.702492 18.816594
-98.699882 18.821112
-98.697495 18.825633
-98.695105 18.830163
-98.692732 18.834672
-98.688446 18.840331
-98.685347 18.844861
-98.680334 18.852784
-98.677 18.86068
-98.675796 18.865211
-98.673881 18.869731
-98.672216 18.875379
-98.669128 18.88216
-98.666015 18.88894
-98.664587 18.893462
-98.662183 18.89798
-98.659086 18.904761
-98.656462 18.90816
-98.652167 18.916071
-98.649076 18.922847
-98.645964 18.929629
-98.64308 18.936419
-98.639752 18.942067
-98.636412 18.947717
-98.633307 18.953379
-98.629483 18.961286
-98.627576 18.965818
-98.623983 18.974845
-98.62254 18.979375
-98.621817 18.988406
-98.622502 18.997436
-98.623205 19.003075
-98.621764 19.009856
-98.62151 19.016624
-98.62023 19.025536
-98.621657 19.030045
-98.621633 19.037934
-98.62232 19.045835
-98.619703 19.049223
-98.618742 19.057114
-98.619192 19.063873
-98.618697 19.074021
-98.618436 19.079661
-98.617955 19.085301
-98.618413 19.090942
-98.61981 19.099951
-98.621236 19.10785
-98.622871 19.115741
-98.625486 19.122499
-98.628562 19.129261
-98.630927 19.138269
-98.632802 19.145028
-98.634679 19.15066
-98.635633 19.15742
-98.635855 19.163069
-98.636801 19.168698
-98.637251 19.175467
-98.638183 19.185617
-98.63912 19.192376
-98.63983 19.198016
-98.639815 19.203655
-98.639563 19.209297
-98.639776 19.219444
-98.63999 19.226215
-98.639036 19.231845
-98.637822 19.239746
-98.637335 19.245383
-98.63661 19.252164
-98.636595 19.258923
-98.638007 19.265685
-98.638946 19.271323
-98.64131 19.278093
-98.642738 19.282591
-98.646286 19.289353
-98.649131 19.297233
-98.653647 19.305122
-98.654822 19.309631
-98.655288 19.316392
-98.655754 19.323162
-98.657166 19.329922
-98.658096 19.341201
-98.659278 19.346841
-98.660698 19.352479
-98.658294 19.36038
-98.657561 19.366019
-98.657074 19.37166
-98.655632 19.377308
-98.653472 19.384077
-98.651787 19.390859
-98.650596 19.395366
-98.648918 19.402137
-98.647223 19.408908
-98.646491 19.415677
-98.645521 19.422457
-98.644316 19.429218
-98.643584 19.434866
-98.645247 19.442755
-98.645942 19.448394
-98.645698 19.454035
-98.643882 19.464984
-98.636374 19.463083
-98.631141 19.458585
-98.624473 19.451825
-98.618994 19.449584
-98.614241 19.446215
-98.608527 19.443975
-98.601843 19.441725
-98.596831 19.440615
-98.587781 19.441755
-98.581319 19.445166
-98.573681 19.448555
-98.569859 19.450824
-98.564373 19.451955
-98.558652 19.454235
-98.552929 19.455365
-98.546491 19.455376
-98.536702 19.456526
-98.528119 19.456535
-98.52312 19.454283
-98.517879 19.452044
-98.515033 19.446405
-98.511471 19.441898
-98.507671 19.437396
-98.504353 19.432897
-98.501018 19.426127
-98.496531 19.418238
-98.493197 19.412599
-98.491084 19.406967
-98.488948 19.402447
-98.485629 19.397947
-98.477578 19.381038
-98.466662 19.369779
-98.458339 19.364149
-98.4555 19.35739
-98.452891 19.354
-98.449327 19.35062
-98.445535 19.34612
-98.438646 19.34048
-98.43628 19.335982
-98.433443 19.33147
-98.430824 19.326961
-98.428468 19.322442
-98.425386 19.317942
-98.422081 19.312303
-98.419465 19.307791
-98.41568 19.301032
-98.412126 19.297651
-98.408097 19.292012
-98.404778 19.287514
-98.40194 19.284123
-98.396478 19.278494
-98.39412 19.275115
-98.3908 19.271733
-98.388192 19.268354
-98.383911 19.264973
-98.380607 19.259333
-98.375625 19.254825
-98.37207 19.250314
-98.368048 19.244683
-98.364966 19.240176
-98.360709 19.234546
-98.359298 19.230024
-98.356215 19.226645
-98.352195 19.221016
-98.349593 19.216498
-98.346755 19.213117
-98.343442 19.208606
-98.340369 19.205236
-98.336332 19.200719
-98.330413 19.193956
-98.326398 19.189448
-98.322828 19.187198
-98.319753 19.183818
-98.315489 19.180427
-98.311933 19.177049
-98.306943 19.174798
-98.299353 19.169169
-98.293896 19.165778
-98.287962 19.1624
-98.283452 19.160148
-98.2737 19.157889
-98.255435 19.150001
-98.229816 19.136461
-98.220308 19.131949
-98.215082 19.130821
-98.209864 19.128561
-98.203454 19.127428
-98.196102 19.12405
-98.191592 19.121791
-98.182093 19.117281
-98.180223 19.112769
-98.17811 19.108252
-98.175271 19.104873
-98.170763 19.101481
-98.165528 19.102612
-98.160051 19.10486
-98.154321 19.10824
-98.149308 19.11161
-98.143571 19.116131
-98.138078 19.119502
-98.130921 19.124
-98.126382 19.127392
-98.120644 19.13189
-98.115158 19.13526
-98.10846 19.140888
-98.104392 19.144281
-98.099853 19.147649
-98.09198 19.152159
-98.087669 19.155529
-98.0848 19.158909
-98.080961 19.163419
-98.077118 19.16792
-98.07376 19.172429
-98.017254 19.224216
-98.013448 19.224216
-98.008459 19.223067
-98.002507 19.223065
-97.9978 19.215157
-97.993307 19.211778
-97.988568 19.207257
-97.985974 19.203858
-97.982435 19.199347
-97.975339 19.193698
-97.971326 19.190309
-97.966343 19.186918
-97.96159 19.185778
-97.958293 19.182387
-97.95451 19.180127
-97.948803 19.176728
-97.942424 19.172209
-97.937197 19.171067
-97.931505 19.167679
-97.926318 19.163149
-97.922777 19.15863
-97.918789 19.15299
-97.913112 19.146211
-97.90912 19.140559
-97.903666 19.13717
-97.897746 19.13377
-97.88894 19.13375
-97.880136 19.134851
-97.875361 19.137101
-97.871782 19.139341
-97.86866 19.142721
-97.865778 19.14722
-97.863824 19.15285
-97.862352 19.15848
-97.861099 19.16525
-97.860582 19.172009
-97.858874 19.17652
-97.856706 19.181018
-97.853074 19.187778
-97.850662 19.192279
-97.848237 19.197919
-97.844637 19.201276
-97.840812 19.203527
-97.839113 19.208036
-97.837883 19.212537
-97.83783 19.218177
-97.838037 19.223817
-97.840814 19.232846
-97.837914 19.237345
-97.839539 19.241866
-97.841897 19.247516
-97.844705 19.252027
-97.846094 19.256546
-97.847246 19.262185
-97.84388 19.265554
-97.84147 19.268934
-97.837639 19.271184
-97.834991 19.275683
-97.832581 19.279054
-97.83017 19.282433
-97.828233 19.286934
-97.824647 19.289184
-97.820572 19.291425
-97.816507 19.293673
-97.81292 19.295914
-97.801719 19.290454
-97.796731 19.289254
-97.791518 19.286914
-97.78511 19.284565
-97.779219 19.281095
-97.77262 19.276476
-97.767188 19.272993
-97.762 19.270664
-97.755073 19.270564
-97.749801 19.271615
-97.745688 19.273823
-97.741079 19.277155
-97.734296 19.281574
-97.730443 19.283783
-97.724652 19.285964
-97.719106 19.288143
-97.71047 19.290284
-97.700887 19.291273
-97.695661 19.290064
-97.690443 19.288853
-97.683078 19.286485
-97.677876 19.284155
-97.670002 19.284033
-97.662122 19.283913
-97.654659 19.286064
-97.649357 19.288243
-97.644322 19.289294
-97.640445 19.291505
-97.636339 19.293704
-97.629795 19.298134
-97.62466 19.299304
-97.621966 19.302283
-97.616678 19.308113
-97.614214 19.311474
-97.611918 19.318223
-97.611301 19.325003
-97.611887 19.330673
-97.615078 19.337502
-97.618327 19.34208
-97.621569 19.346661
-97.62553 19.351242
-97.632121 19.355862
-97.637035 19.36047
-97.642489 19.362812
-97.651705 19.36748
-97.65691 19.369821
-97.663105 19.371042
-97.669529 19.37227
-97.675001 19.373481
-97.682546 19.37812
-97.687229 19.382711
-97.691632 19.389571
-97.697432 19.397578
-97.701177 19.40102
-97.70625 19.410147
-97.708784 19.414708
-97.711735 19.421538
-97.715252 19.424989
-97.718054 19.428417
-97.7208 19.434129
-97.723119 19.437548
-97.725438 19.440977
-97.730817 19.446717
-97.73574 19.451306
-97.740478 19.453638
-97.745207 19.455978
-97.748274 19.458288
-97.750838 19.461707
-97.756042 19.464047
-97.761519 19.465256
-97.765532 19.467587
-97.771498 19.468797
-97.776251 19.469995
-97.784622 19.470115
-97.789901 19.469066
-97.798302 19.468046
-97.804567 19.465877
-97.80819 19.463655
-97.816826 19.456076
-97.822281 19.459477
-97.827326 19.454975
-97.834709 19.454997
-97.840402 19.459528
-97.843194 19.468564
-97.844811 19.474204
-97.849053 19.480985
-97.853791 19.485516
-97.857584 19.487775
-97.862817 19.490044
-97.870897 19.494575
-97.874651 19.501356
-97.871972 19.508124
-97.868844 19.511495
-97.865716 19.514874
-97.862572 19.519373
-97.860406 19.523873
-97.859117 19.534031
-97.860001 19.543052
-97.863763 19.549832
-97.869937 19.554352
-97.877536 19.558892
-97.887294 19.562301
-97.895365 19.566831
-97.902018 19.572491
-97.909358 19.579271
-97.917407 19.587201
-97.926402 19.596239
-97.933056 19.601891
-97.940662 19.60642
-97.947787 19.609818
-97.953503 19.612088
-97.960873 19.614361
-97.96613 19.615498
-97.972089 19.616649
-97.978757 19.618919
-97.985182 19.62231
-97.990179 19.624568
-97.994924 19.627969
-98.001104 19.633617
-98.005607 19.638137
-98.011275 19.644927
-98.018142 19.653957
-98.020956 19.661857
-98.022795 19.672016
-98.025382 19.678797
-98.029167 19.684447
-98.034393 19.688954
-98.040327 19.693484
-98.044143 19.696877
-98.049155 19.694626
-98.052757 19.691245
-98.055892 19.687866
-98.058791 19.683356
-98.064078 19.678856
-98.071022 19.675476
-98.077476 19.673225
-98.084428 19.669858
-98.094963 19.665357
-98.100937 19.663109
-98.112199 19.659738
-98.121048 19.657488
-98.12964 19.656357
-98.139445 19.655248
-98.14541 19.656376
-98.151125 19.657508
-98.156856 19.658646
-98.165674 19.662038
-98.172816 19.664295
-98.17998 19.666568
-98.186161 19.668825
-98.191889 19.672217
-98.19807 19.676726
-98.204014 19.682376
-98.208011 19.692525
-98.207743 19.698164
-98.208431 19.703805
-98.209591 19.710586
-98.210269 19.716224
-98.211682 19.721864
-98.212833 19.729765
-98.215161 19.741045
-98.217282 19.746694
-98.219647 19.751202
-98.222484 19.756853
-98.226048 19.762493
-98.229351 19.767002
-98.234838 19.772651
-98.239094 19.77829
-98.242422 19.78393
-98.244771 19.788452
-98.248106 19.795221
-98.249502 19.800859
-98.250431 19.806499
-98.251844 19.81102
-98.252287 19.81779
-98.253941 19.822308
-98.253676 19.827948
-98.254842 19.83246
-98.255048 19.838098
-98.255017 19.846008
-98.254744 19.851648
-98.253744 19.860677
-98.251562 19.866318
-98.249371 19.871958
-98.245274 19.878727
-98.241665 19.883237
-98.239263 19.886628
-98.234448 19.892266
-98.231061 19.897906
-98.227932 19.902417
-98.225278 19.906927
-98.221426 19.911445
-98.218052 19.915956
-98.213947 19.921605
-98.210827 19.926115
-98.207448 19.929495
-98.202395 19.935135
-98.198284 19.941904
-98.194431 19.947543
-98.19128 19.954315
-98.189333 19.958823
-98.189304 19.964462
-98.190936 19.972372
-98.191623 19.978024
-98.192066 19.984793
-98.19347 19.989304
-98.193912 19.996082
-98.193873 20.003973
-98.193126 20.011871
-98.189715 20.020911
-98.187031 20.029942
-98.186275 20.0367
-98.185046 20.041222
-98.18333 20.04798
-98.181866 20.05363
-98.179181 20.062659
-98.173853 20.071678
-98.169277 20.079577
-98.165606 20.091998
-98.162691 20.097638
-98.159077 20.101027
-98.15594 20.104396
-98.154482 20.108917
-98.150614 20.113426
-98.148204 20.116816
-98.146021 20.121325
-98.144076 20.126965
-98.14284 20.132618
-98.142322 20.140505
-98.143229 20.147285
-98.143894 20.156315
-98.145526 20.165343
-98.146685 20.172125
-98.146412 20.177764
-98.144916 20.186792
-98.145113 20.194693
-98.146524 20.199214
-98.148884 20.204852
-98.152209 20.209383
-98.155315 20.212772
-98.16009 20.216163
-98.16846 20.219551
-98.174931 20.219551
-98.182376 20.219562
-98.192226 20.217312
-98.198223 20.216181
-98.20589 20.216192
-98.212857 20.215073
-98.222446 20.216192
-98.233237 20.215083
-98.238027 20.213952
-98.244275 20.212824
-98.253622 20.212823
-98.260573 20.212824
-98.267057 20.211703
-98.272588 20.210573
-98.278082 20.211701
-98.283118 20.213951
-98.289566 20.218472
-98.294814 20.224121
-98.29721 20.227502
-98.300047 20.233152
-98.301223 20.23767
-98.301672 20.243312
-98.301895 20.24895
-98.301619 20.256859
-98.300384 20.26363
-98.299881 20.2704
-98.29914 20.276049
-98.295744 20.281688
-98.290924 20.28621
-98.286346 20.289597
-98.284415 20.292979
-98.280798 20.295238
-98.27552 20.297499
-98.26879 20.298619
-98.263502 20.299748
-98.256293 20.300877
-98.249099 20.302008
-98.244063 20.300879
-98.237348 20.29974
-98.226072 20.299748
-98.217916 20.299738
-98.209272 20.299738
-98.201107 20.300859
-98.194142 20.303109
-98.186451 20.30649
-98.179226 20.309878
-98.172496 20.312129
-98.162647 20.315509
-98.154933 20.318879
-98.149646 20.322267
-98.143863 20.324518
-98.13927 20.329027
-98.130122 20.335798
-98.126246 20.341437
-98.124285 20.348207
-98.122806 20.354986
-98.11964 20.361757
-98.117418 20.370786
-98.117632 20.376425
-98.114214 20.385457
-98.1113 20.391095
-98.106951 20.395604
-98.104051 20.398995
-98.099214 20.403496
-98.094148 20.406883
-98.090769 20.410264
-98.084733 20.414765
-98.079438 20.418154
-98.075579 20.420404
-98.06859 20.423773
-98.05681 20.426024
-98.049119 20.427133
-98.042862 20.429384
-98.036827 20.431633
-98.03009 20.436134
-98.026467 20.438383
-98.021392 20.442893
-98.016319 20.447403
-98.010498 20.454164
-98.007102 20.459804
-98.004432 20.464311
-98.001997 20.467692
-97.998123 20.472211
-97.994019 20.475582
-97.990142 20.480103
-97.986763 20.48347
-97.983808 20.492502
-97.982565 20.498142
-97.982017 20.5083
-97.982673 20.517339
-97.983596 20.522979
-97.986425 20.52977
-97.98783 20.535419
-97.989227 20.541068
-97.99089 20.545589
-97.993477 20.552358
-97.994637 20.559148
-97.996047 20.563667
-97.996277 20.571738
