-99.786212 21.421108
-99.779978 21.432487
-99.771784 21.443886
-99.767971 21.457497
-99.766101 21.471095
-99.761325 21.486986
-99.75847 21.496076
-99.755595 21.505153
-99.750779 21.511985
-99.745501 21.523353
-99.736811 21.534743
-99.72326 21.541643
-99.710649 21.544023
-99.702896 21.548614
-99.698563 21.557703
-99.69124 21.546442
-99.688797 21.544192
-99.683465 21.544232
-99.679077 21.542012
-99.674707 21.539772
-99.665475 21.537583
-99.656708 21.530864
-99.646476 21.521873
-99.635244 21.506116
-99.629379 21.494836
-99.623991 21.481286
-99.619123 21.476794
-99.613265 21.470046
-99.606452 21.463307
-99.597195 21.454317
-99.588429 21.443058
-99.578696 21.434069
-99.567981 21.422828
-99.559232 21.416098
-99.549487 21.407108
-99.544651 21.40488
-99.53931 21.404919
-99.533 21.402689
-99.528148 21.402729
-99.522335 21.402769
-99.515551 21.405089
-99.508274 21.40513
-99.503412 21.400639
-99.498568 21.400669
-99.494204 21.400689
-99.484989 21.40076
-99.476267 21.405341
-99.467547 21.409928
-99.464662 21.412219
-99.462235 21.416758
-99.459832 21.41904
-99.453042 21.42135
-99.448197 21.421379
-99.445292 21.423658
-99.440447 21.423688
-99.436569 21.425979
-99.432206 21.426008
-99.427841 21.426039
-99.425913 21.428299
-99.420556 21.42608
-99.41813 21.42156
-99.415689 21.417058
-99.412781 21.412541
-99.406945 21.410309
-99.404527 21.40806
-99.399185 21.408099
-99.395797 21.410379
-99.393386 21.412659
-99.391449 21.417198
-99.391472 21.42173
-99.392448 21.426248
-99.39148 21.430788
-99.390525 21.435317
-99.388107 21.439866
-99.382301 21.444417
-99.380852 21.448967
-99.381835 21.453488
-99.379898 21.455755
-99.379904 21.460287
-99.378456 21.464816
-99.373625 21.469376
-99.373139 21.473916
-99.371695 21.478445
-99.368796 21.482997
-99.365897 21.487536
-99.36348 21.492076
-99.363007 21.498875
-99.36399 21.503394
-99.364006 21.512455
-99.363043 21.519256
-99.361609 21.526054
-99.35579 21.528355
-99.349462 21.526126
-99.341223 21.526174
-99.336363 21.523934
-99.327139 21.517195
-99.316939 21.514986
-99.30918 21.512764
-99.295599 21.517365
-99.282995 21.524225
-99.278637 21.528775
-99.274259 21.533324
-99.269917 21.542414
-99.268467 21.546943
-99.268467 21.551472
-99.267994 21.558263
-99.270429 21.565044
-99.272365 21.567302
-99.273838 21.571822
-99.275785 21.576343
-99.275312 21.583131
-99.272885 21.585414
-99.267057 21.587702
-99.260267 21.587742
-99.252018 21.590052
-99.244243 21.592352
-99.237445 21.592391
-99.232112 21.592413
-99.227734 21.592431
-99.223361 21.592452
-99.217068 21.592492
-99.188875 21.558655
-99.181117 21.554164
-99.155114 21.462377
-99.149994 21.452417
-99.147082 21.443368
-99.142228 21.436608
-99.137369 21.423039
-99.133485 21.407209
-99.1233 21.39141
-99.117973 21.375571
-99.114572 21.364271
-99.10827 21.352972
-99.100991 21.334904
-99.096152 21.321334
-99.090828 21.305515
-99.085982 21.298733
-99.079192 21.287445
-99.069029 21.278435
-99.055456 21.273956
-99.044805 21.271736
-99.031729 21.271787
-99.034788 21.261965
-99.039641 21.255156
-99.043539 21.241568
-99.047429 21.227979
-99.051321 21.218908
-99.054731 21.209848
-99.060546 21.198508
-99.060569 21.184938
-99.067359 21.17134
-99.068831 21.15775
-99.074157 21.150941
-99.083847 21.14186
-99.093063 21.137312
-99.098868 21.1305
-99.111441 21.130461
-99.128861 21.132671
-99.138055 21.12585
-99.151604 21.123542
-99.161774 21.121254
-99.167091 21.112182
-99.174829 21.105351
-99.185 21.103064
-99.195635 21.100754
-99.20096 21.093953
-99.211123 21.091643
-99.221767 21.093863
-99.231425 21.087044
-99.245456 21.089253
-99.253192 21.093741
-99.264323 21.100491
-99.272541 21.107253
-99.279805 21.114001
-99.287053 21.120763
-99.294309 21.127521
-99.301572 21.122972
-99.311246 21.1184
-99.317044 21.111592
-99.326238 21.107013
-99.333004 21.093401
-99.340252 21.084324
-99.351858 21.082002
-99.362012 21.084222
-99.378944 21.086392
-99.386793 21.079053
-99.38719 21.063214
-99.380645 21.054034
-99.369147 21.049294
-99.36508 21.037904
-99.361434 21.028776
-99.364668 21.015247
-99.370268 21.004017
-99.375433 20.990517
-99.380438 20.983806
-99.385504 20.974837
-99.387771 20.961288
-99.388534 20.949967
-99.386885 20.938608
-99.390547 20.927349
-99.397055 20.9184
-99.401625 20.90942
-99.405708 20.900441
-99.40792 20.889152
-99.41587 20.88022
-99.42479 20.871311
-99.429901 20.860083
-99.434997 20.848852
-99.440476 20.842142
-99.445465 20.835445
-99.450936 20.828734
-99.462816 20.817616
-99.471612 20.813235
-99.475747 20.801975
-99.478433 20.790706
-99.481279 20.772626
-99.483529 20.759077
-99.488153 20.747837
-99.495606 20.738898
-99.503441 20.734498
-99.512696 20.730129
-99.522952 20.725768
-99.532716 20.7214
-99.533938 20.7101
-99.531793 20.698729
-99.523433 20.68501
-99.516841 20.678101
-99.509814 20.66893
-99.502785 20.65975
-99.499643 20.650643
-99.499908 20.639321
-99.507738 20.634913
-99.520274 20.635131
-99.527674 20.628462
-99.537952 20.621833
-99.549572 20.619762
-99.562754 20.613183
-99.57068 20.604252
-99.578014 20.599842
-99.586316 20.595452
-99.594669 20.588794
-99.602535 20.582124
-99.611804 20.577754
-99.622456 20.575655
-99.632521 20.578084
-99.644039 20.580524
-99.659039 20.578494
-99.666853 20.574083
-99.679495 20.569764
-99.688376 20.560846
-99.698547 20.558737
-99.709579 20.561166
-99.717871 20.556766
-99.726647 20.552365
-99.734459 20.547966
-99.741362 20.541277
-99.754364 20.541464
-99.764549 20.539356
-99.774719 20.537246
-99.786323 20.535157
-99.795586 20.530765
-99.806282 20.526395
-99.817559 20.517496
-99.823969 20.510805
-99.82715 20.497256
-99.831193 20.488268
-99.832728 20.474288
-99.832269 20.467499
-99.831797 20.461848
-99.832056 20.45619
-99.831346 20.45054
-99.829927 20.443749
-99.829225 20.434701
-99.82876 20.427919
-99.829507 20.419991
-99.830248 20.414331
-99.830506 20.405272
-99.831009 20.39849
-99.831749 20.392832
-99.833443 20.383782
-99.834444 20.374722
-99.834467 20.366814
-99.835939 20.356614
-99.837397 20.348703
-99.838145 20.341905
-99.839593 20.335115
-99.841311 20.330584
-99.843477 20.326064
-99.847101 20.320395
-99.850246 20.314726
-99.855073 20.307936
-99.857722 20.303405
-99.859187 20.298875
-99.861597 20.294347
-99.863528 20.289818
-99.865709 20.285296
-99.86741 20.280767
-99.869106 20.276236
-99.871515 20.271697
-99.874408 20.268298
-99.881625 20.262627
-99.884768 20.259229
-99.889101 20.254689
-99.891986 20.251288
-99.895366 20.247886
-99.898746 20.244498
-99.90356 20.239958
-99.908771 20.233519
-99.91334 20.22226
-99.909251 20.210879
-99.90318 20.201741
-99.898037 20.19488
-99.890491 20.187979
-99.883938 20.178831
-99.877841 20.171952
-99.880961 20.160681
-99.899219 20.160942
-99.911716 20.161112
-99.923771 20.159022
-99.934436 20.154642
-99.943225 20.147972
-99.949657 20.139003
-99.956624 20.127783
-99.965497 20.116584
-99.975377 20.103133
-99.982769 20.094184
-99.987721 20.087457
-99.995589 20.078505
-100.001539 20.067277
-100.009939 20.056065
-100.019841 20.042617
-100.027738 20.033667
-100.03404 20.026958
-100.039039 20.020238
-100.04444 20.011248
-100.078644 19.986558
-100.086142 19.99309
-100.09404 19.999599
-100.100539 20.006159
-100.108543 20.017188
-100.117647 20.028188
-100.129548 20.039077
-100.136742 20.052396
-100.142846 20.063496
-100.148446 20.072345
-100.16595 20.092024
-100.163247 20.107834
-100.162547 20.119142
-100.163645 20.137274
-100.165843 20.146352
-100.174043 20.169092
-100.176142 20.18723
-100.180644 20.203139
-100.189648 20.210039
-100.199146 20.219208
-100.210948 20.228409
-100.217143 20.235278
-100.225652 20.242168
-100.239048 20.2446
-100.248647 20.246977
-100.258649 20.251617
-100.27545 20.254087
-100.289746 20.258776
-100.301253 20.263437
-100.310348 20.268068
-100.318449 20.272686
-100.328453 20.275067
-100.33805 20.279696
-100.34655 20.286585
-100.353851 20.282146
-100.35875 20.275407
-100.365547 20.273217
-100.37365 20.280106
-100.379249 20.291476
-100.382951 20.300575
-100.384652 20.311924
-100.388748 20.323285
-100.395753 20.336944
-100.400453 20.343784
-100.409951 20.352941
-100.415551 20.359804
-100.423655 20.364413
-100.433251 20.371323
-100.442256 20.37819
-100.447955 20.38505
-100.454051 20.391912
-100.461154 20.401051
-100.469553 20.414708
-100.47275 20.423798
-100.476954 20.435168
-100.481655 20.444289
-100.485752 20.455649
-100.489957 20.464749
-100.494054 20.478367
-100.497753 20.489736
-100.500453 20.498826
-100.502759 20.507905
-100.504955 20.516985
-100.506252 20.528324
-100.505559 20.539635
-100.502057 20.548664
-100.497051 20.557664
-100.492154 20.566672
-100.489055 20.575712
-100.493756 20.587081
-100.499851 20.596203
-100.508457 20.603081
-100.517955 20.6077
-100.528959 20.614612
-100.538954 20.62604
-100.546559 20.632909
-100.556555 20.6398
-100.561254 20.646639
-100.56356 20.655718
-100.56626 20.664808
-100.573455 20.669408
-100.578153 20.676249
-100.580458 20.687598
-100.575958 20.696607
-100.571958 20.705638
-100.568854 20.719196
-100.568655 20.730515
-100.568458 20.744105
-100.566756 20.759944
-100.563154 20.768975
-100.558654 20.782513
-100.554159 20.791533
-100.551558 20.802835
-100.547561 20.811853
-100.54016 20.820843
-100.532256 20.832082
-100.523359 20.841053
-100.514456 20.852291
-100.507055 20.861279
-100.502156 20.868029
-100.497257 20.874769
-100.490857 20.881499
-100.485851 20.890508
-100.479459 20.89724
-100.472156 20.901699
-100.457555 20.903809
-100.449954 20.899198
-100.440357 20.8923
-100.431751 20.887678
-100.418756 20.880739
-100.406351 20.876081
-100.396654 20.873709
-100.383149 20.8713
-100.372554 20.87344
-100.35985 20.877829
-100.349153 20.882239
-100.337952 20.888908
-100.326654 20.89558
-100.314048 20.899968
-100.301352 20.906619
-100.292054 20.913308
-100.283249 20.917728
-100.271048 20.924379
-100.25695 20.931009
-100.247251 20.928628
-100.23715 20.926248
-100.226148 20.923848
-100.211148 20.921397
-100.199651 20.916728
-100.189549 20.914349
-100.17555 20.911899
-100.160647 20.907188
-100.145244 20.904729
-100.128748 20.904518
-100.113848 20.904339
-100.098346 20.906399
-100.089448 20.913079
-100.083443 20.924329
-100.080348 20.933348
-100.080148 20.944669
-100.081347 20.958278
-100.081545 20.971876
-100.080347 20.985456
-100.077744 20.994487
-100.074145 21.003495
-100.071047 21.012514
-100.067545 21.021536
-100.064943 21.030563
-100.062342 21.039584
-100.061647 21.050903
-100.056147 21.057632
-100.051644 21.064373
-100.046144 21.073352
-100.035843 21.082283
-100.028344 21.091242
-100.024347 21.100251
-100.020242 21.11378
-100.017647 21.122809
-100.014047 21.13183
-100.009446 21.143099
-100.00634 21.152108
-100.002243 21.161129
-99.998711 21.170137
-99.991807 21.176848
-99.981193 21.181899
-99.970534 21.181987
-99.958435 21.182096
-99.949712 21.179908
-99.941001 21.179988
-99.929366 21.177819
-99.921119 21.173358
-99.910932 21.168918
-99.899761 21.162219
-99.887639 21.15779
-99.871136 21.14887
-99.859028 21.14444
-99.843059 21.144569
-99.833866 21.146901
-99.819859 21.151538
-99.808741 21.156157
-99.798601 21.160758
-99.791361 21.167609
-99.786059 21.172167
-99.781724 21.176728
-99.777865 21.179018
-99.775461 21.181308
-99.770128 21.183608
-99.764819 21.185917
-99.760956 21.188209
-99.756119 21.192769
-99.748879 21.195078
-99.74067 21.201927
-99.731004 21.206528
-99.725205 21.208837
-99.717453 21.213416
-99.708778 21.217996
-99.703933 21.220297
-99.700553 21.222587
-99.695229 21.224887
-99.688942 21.224937
-99.686042 21.227217
-99.682182 21.229506
-99.679275 21.231786
-99.675414 21.236346
-99.673492 21.240884
-99.673514 21.247675
-99.676902 21.252176
-99.682265 21.258936
-99.688086 21.263426
-99.695365 21.265635
-99.709367 21.267785
-99.724878 21.269924
-99.73649 21.267564
-99.762178 21.269615
-99.77044 21.274073
-99.778215 21.280795
-99.782144 21.292083
-99.784625 21.301113
-99.786663 21.319223
-99.788667 21.332781
-99.788271 21.348631
-99.7922 21.35993
-99.795657 21.37122
-99.792818 21.384818
-99.79044 21.393909
-99.786212 21.421108
