-89.384125 19.677314
-89.204118 19.794978
-88.941317 19.955733
-88.51718 20.192973
-88.479283 20.218933
-88.224113 20.393335
-88.108013 20.459592
-87.985969 20.530197
-87.96537 20.550238
-87.719407 20.6911
-87.576223 20.941931
-87.518633 21.029117
-87.521227 21.490568
-87.518213 21.497427
-87.485307 21.491209
-87.451317 21.480549
-87.430663 21.453539
-87.39762 21.468118
-87.27251 21.433939
-87.232295 21.43852
-87.214258 21.43197
-87.204585 21.41249
-87.1821 21.40389
-87.125647 21.4524
-87.117973 21.481258
-87.092107 21.471248
-87.070951 21.483547
-87.077146 21.502728
-87.066434 21.526927
-87.08193 21.557894
-87.168733 21.521986
-87.206866 21.526526
-87.239277 21.518506
-87.292187 21.538577
-87.339178 21.502298
-87.369887 21.505047
-87.301229 21.564575
-87.281964 21.558456
-87.216663 21.544926
-87.121353 21.561474
-87.073935 21.600954
-86.997744 21.585234
-86.952273 21.566825
-86.89547 21.483869
-86.895821 21.48061
-86.850562 21.399791
-86.819197 21.265516
-86.78645 21.243857
-86.780683 21.254268
-86.791091 21.266187
-86.784644 21.294036
-86.761051 21.329066
-86.765767 21.383702
-86.781217 21.392263
-86.785414 21.418921
-86.761565 21.423261
-86.736081 21.377091
-86.732937 21.329724
-86.763341 21.274547
-86.758717 21.274116
-86.767272 21.270527
-86.758359 21.244518
-86.764927 21.19368
-86.748792 21.158781
-86.731747 21.143511
-86.70448 21.136562
-86.720195 21.109584
-86.743007 21.119934
-86.760976 21.153901
-86.774838 21.144244
-86.755133 21.110114
-86.772161 21.092553
-86.769498 21.084645
-86.766927 21.031856
-86.838807 20.859064
-86.983967 20.672813
-86.92865 20.673149
-86.881461 20.721526
-86.854023 20.722441
-86.83756 20.737075
-86.828425 20.710225
-86.816357 20.712639
-86.818469 20.719879
-86.768088 20.731343
-86.752702 20.725913
-86.702196 20.755367
-86.748841 20.632808
-86.78817 20.602625
-86.897925 20.448054
-86.943555 20.421853
-86.972969 20.43656
-86.985728 20.535858
-86.984093 20.58563
-86.923731 20.647939
-86.928666 20.673032
-86.984525 20.672684
-87.042447 20.602155
-87.20334 20.48341
-87.293514 20.372914
-87.423705 20.174123
-87.453179 20.111166
-87.463198 20.05741
-87.458954 19.995811
-87.428276 19.955885
-87.389481 19.916324
-87.391166 19.865097
-87.427849 19.821948
-87.434921 19.785959
-87.450936 19.787399
-87.455651 19.809679
-87.417388 19.845597
-87.400443 19.887796
-87.41664 19.922055
-87.43077 19.930962
-87.440256 19.917054
-87.42443 19.879027
-87.467079 19.810709
-87.491052 19.801929
-87.51008 19.807999
-87.526041 19.7985
-87.533717 19.80246
-87.559093 19.77958
-87.630711 19.615466
-87.642896 19.608888
-87.646727 19.616889
-87.62515 19.636827
-87.630956 19.648266
-87.625646 19.666915
-87.626119 19.662046
-87.614477 19.698165
-87.690132 19.679716
-87.703698 19.659056
-87.712693 19.608497
-87.672109 19.557949
-87.648207 19.56675
-87.641272 19.555221
-87.642547 19.507263
-87.622953 19.513173
-87.571759 19.558872
-87.533733 19.558769
-87.500528 19.544871
-87.462311 19.56985
-87.457483 19.58363
-87.417855 19.587709
-87.424606 19.56646
-87.452286 19.554749
-87.431107 19.501494
-87.402665 19.520781
-87.390335 19.56338
-87.393919 19.596487
-87.428626 19.635668
-87.427551 19.646507
-87.414635 19.648615
-87.384513 19.609837
-87.374336 19.561929
-87.393424 19.498093
-87.46673 19.421666
-87.511873 19.396209
-87.497554 19.424427
-87.511301 19.436575
-87.574718 19.389258
-87.577886 19.392268
-87.601452 19.386717
-87.622876 19.367869
-87.628714 19.32032
-87.641501 19.307262
-87.632551 19.281343
-87.659293 19.243304
-87.648963 19.231465
-87.648047 19.205726
-87.614545 19.195656
-87.590695 19.204446
-87.549953 19.302392
-87.52949 19.311483
-87.521991 19.305902
-87.468958 19.330092
-87.459856 19.32326
-87.483369 19.277862
-87.471956 19.276832
-87.423661 19.32274
-87.42176 19.30727
-87.497155 19.220115
-87.540492 19.061272
-87.599225 18.943129
-87.652936 18.769974
-87.685798 18.715039
-87.713196 18.598524
-87.729568 18.512676
-87.761346 18.432571
-87.7961 18.309645
-87.831417 18.310576
-87.824787 18.343794
-87.846461 18.391522
-87.840672 18.4101
-87.861928 18.426691
-87.84679 18.46518
-87.866695 18.495837
-87.868587 18.517827
-87.892401 18.519905
-87.902707 18.531715
-87.896298 18.556795
-88.012124 18.607782
-88.025375 18.612751
-88.030602 18.64211
-88.002791 18.65171
-88.005935 18.702717
-87.964721 18.810453
-87.967123 18.905079
-88.019403 18.970187
-88.006882 18.981105
-88.013466 18.996414
-88.035967 19.001084
-88.059588 18.951817
-88.059358 18.911959
-88.075022 18.91003
-88.077563 18.919529
-88.093799 18.911649
-88.114376 18.857752
-88.127826 18.87309
-88.118023 18.897899
-88.151029 18.87016
-88.165104 18.842452
-88.138957 18.840211
-88.16827 18.808894
-88.19109 18.767194
-88.219962 18.66709
-88.268959 18.626531
-88.277267 18.623421
-88.30745 18.624872
-88.343516 18.606103
-88.36455 18.625881
-88.416484 18.596433
-88.4332 18.619652
-88.453519 18.610443
-88.497373 18.543755
-88.526728 18.476131
-88.533053 18.461561
-88.535749 18.45535
-88.586473 18.362513
-88.662507 18.317006
-88.658723 18.276908
-88.693699 18.224201
-88.708674 18.184553
-88.733594 18.16099
-88.736501 18.128533
-88.743997 18.116816
-88.758367 18.094356
-88.815062 18.052676
-88.832878 18.025259
-88.907549 18.037298
-88.931024 18.068065
-88.962802 18.069536
-88.992496 18.120415
-89.050549 18.108174
-89.123611 18.047526
-89.13613 18.027829
-89.140931 18.0184
-89.150309 17.941608
-89.15217 17.926374
-89.152168 17.92482
-89.151932 17.910448
-89.151986 17.909501
-89.145821 17.791158
-89.146194 17.786828
-89.150703 17.787189
-89.187662 17.786849
-89.406592 17.792468
-89.406419 17.815355
-89.399679 18.706796
-89.390371 19.248854
-89.384125 19.677314
