-100.802672 24.50198
-100.771575 24.483852
-100.683971 24.382377
-100.649966 24.322708
-100.642467 24.316008
-100.636966 24.307019
-100.631366 24.300298
-100.62337 24.29135
-100.620768 24.28232
-100.614168 24.271071
-100.612069 24.259781
-100.608964 24.25075
-100.612367 24.237112
-100.614168 24.221233
-100.612971 24.209923
-100.607966 24.198654
-100.603768 24.180585
-100.603066 24.164736
-100.601364 24.148896
-100.604165 24.135265
-100.607065 24.123907
-100.60827 24.103497
-100.610071 24.085348
-100.610865 24.071737
-100.609764 24.055898
-100.608064 24.04232
-100.605966 24.031019
-100.600868 24.015229
-100.594766 23.999451
-100.583565 23.976933
-100.574569 23.961193
-100.566367 23.945444
-100.560868 23.934174
-100.554267 23.920675
-100.544166 23.900415
-100.533568 23.882417
-100.524963 23.864406
-100.518964 23.853148
-100.509862 23.839668
-100.500966 23.832987
-100.493961 23.826278
-100.487966 23.819549
-100.482763 23.799228
-100.481159 23.787918
-100.476162 23.778909
-100.473064 23.767632
-100.470859 23.749532
-100.46976 23.738211
-100.467662 23.726912
-100.465061 23.713352
-100.462458 23.699785
-100.462865 23.683914
-100.46216 23.663534
-100.462458 23.647676
-100.465258 23.634037
-100.469462 23.615856
-100.472362 23.604506
-100.472164 23.588639
-100.473361 23.559168
-100.471759 23.547858
-100.468158 23.538838
-100.466562 23.52526
-100.460459 23.507209
-100.454362 23.484632
-100.450258 23.466553
-100.445659 23.455283
-100.448558 23.446182
-100.45386 23.434793
-100.45856 23.421134
-100.464359 23.407464
-100.466159 23.393856
-100.464563 23.380275
-100.464863 23.364417
-100.466661 23.339459
-100.465961 23.31908
-100.467159 23.294139
-100.465961 23.276021
-100.468157 23.2556
-100.466563 23.242031
-100.466463 23.230701
-100.465861 23.217121
-100.461665 23.199034
-100.45566 23.187784
-100.442857 23.178883
-100.434458 23.174454
-100.415657 23.170155
-100.39846 23.165836
-100.388062 23.163696
-100.37336 23.163865
-100.355659 23.159545
-100.343856 23.164225
-100.335059 23.168845
-100.331755 23.182484
-100.326255 23.223332
-100.092652 23.221343
-100.084748 23.212352
-100.085151 23.196494
-100.085052 23.185164
-100.087853 23.167016
-100.088249 23.155685
-100.089553 23.139807
-100.091452 23.128458
-100.084953 23.112667
-100.066749 23.110589
-100.055954 23.112958
-100.04035 23.122177
-100.032554 23.129047
-100.023251 23.133666
-100.005345 23.124768
-100.001051 23.118016
-99.994963 23.107269
-99.994694 23.09486
-99.990277 23.08351
-99.982883 23.069889
-99.97405 23.05746
-99.972774 23.052158
-99.968708 23.046351
-99.965244 23.0414
-99.961436 23.039091
-99.958453 23.033091
-99.95364 23.030002
-99.95052 23.027631
-99.940541 23.020031
-99.932216 23.01666
-99.923487 23.014212
-99.918032 23.010723
-99.914933 23.008761
-99.910884 23.004761
-99.908074 23.001931
-99.903627 22.992873
-99.902161 22.981512
-99.903642 22.961055
-99.906619 22.951956
-99.909577 22.940576
-99.914004 22.929195
-99.919352 22.921776
-99.923853 22.915526
-99.928508 22.908547
-99.930712 22.905968
-99.939417 22.898598
-99.943187 22.893418
-99.948444 22.890276
-99.953296 22.887346
-99.96323 22.881307
-99.981702 22.878047
-100.001248 22.871068
-100.014951 22.861879
-100.02165 22.852538
-100.03095 22.834529
-100.03195 22.824041
-100.032446 22.820939
-100.031049 22.81324
-100.029247 22.802841
-100.023252 22.789302
-100.018446 22.782102
-100.011845 22.775641
-100.007449 22.77133
-99.997066 22.760092
-99.988719 22.755652
-99.973978 22.748993
-99.960237 22.746862
-99.948938 22.740162
-99.931269 22.735793
-99.917032 22.731393
-99.901361 22.731533
-99.886667 22.731665
-99.86705 22.727314
-99.850861 22.722924
-99.840063 22.718484
-99.829742 22.711783
-99.816483 22.705096
-99.797842 22.698455
-99.781202 22.700854
-99.766506 22.700977
-99.755727 22.698805
-99.739063 22.694405
-99.724827 22.689986
-99.719905 22.683226
-99.707653 22.678795
-99.695856 22.669817
-99.680202 22.669946
-99.667436 22.665507
-99.655184 22.663335
-99.643403 22.656627
-99.620896 22.654525
-99.609125 22.647818
-99.597855 22.643366
-99.587059 22.638908
-99.57335 22.634468
-99.563552 22.632278
-99.554718 22.627807
-99.543457 22.623347
-99.52876 22.621179
-99.514571 22.623539
-99.507278 22.632649
-99.508796 22.648498
-99.513227 22.657527
-99.517662 22.666558
-99.524047 22.673307
-99.525062 22.684637
-99.52754 22.695945
-99.531005 22.707255
-99.528106 22.716336
-99.511962 22.723235
-99.501662 22.716506
-99.493307 22.707486
-99.48007 22.700776
-99.473682 22.694027
-99.466336 22.689537
-99.43398 22.673876
-99.428058 22.658057
-99.420712 22.653567
-99.410916 22.651367
-99.394275 22.653728
-99.374698 22.651578
-99.359506 22.649387
-99.346787 22.644938
-99.340913 22.638168
-99.334544 22.631409
-99.33011 22.622368
-99.32715 22.61333
-99.321268 22.6043
-99.314401 22.59527
-99.309005 22.58623
-99.304101 22.579471
-99.297738 22.570441
-99.292337 22.561413
-99.285476 22.550122
-99.27861 22.541091
-99.274201 22.532054
-99.26979 22.523023
-99.266357 22.513973
-99.24581 22.495956
-99.241376 22.480125
-99.233052 22.466567
-99.223754 22.450766
-99.21691 22.439468
-99.2125 22.425897
-99.206127 22.414607
-99.199284 22.403307
-99.191952 22.396548
-99.185102 22.387518
-99.175336 22.383029
-99.149943 22.383149
-99.123071 22.38325
-99.105014 22.383329
-99.091334 22.383378
-99.074724 22.3857
-99.05031 22.3858
-99.035164 22.383589
-99.017593 22.38364
-99.002936 22.381429
-98.993178 22.3792
-98.974143 22.376989
-98.961929 22.374761
-98.952163 22.37252
-98.949233 22.3748
-98.931661 22.36805
-98.910664 22.363579
-98.896016 22.361362
-98.879414 22.359129
-98.868694 22.3569
-98.851604 22.35467
-98.825724 22.35246
-98.813524 22.35248
-98.797402 22.357052
-98.782267 22.359341
-98.770548 22.361631
-98.749519 22.368461
-98.73487 22.373011
-98.717285 22.373031
-98.701675 22.3708
-98.678725 22.37309
-98.659178 22.375372
-98.645978 22.379921
-98.6396 22.388978
-98.622036 22.38446
-98.607907 22.375421
-98.594272 22.36863
-98.582088 22.361841
-98.568933 22.35279
-98.560169 22.348261
-98.549455 22.341472
-98.534845 22.332434
-98.521699 22.325633
-98.375281 22.235008
-98.360197 22.228196
-98.349544 22.214609
-98.339376 22.203268
-98.331151 22.189678
-98.327808 22.178348
-98.330287 22.169301
-98.345478 22.155721
-98.36067 22.14215
-98.369488 22.1331
-98.376836 22.126311
-98.383696 22.119523
-98.392499 22.112734
-98.39887 22.105952
-98.403776 22.099161
-98.408682 22.092373
-98.414588 22.081053
-98.419042 22.067464
-98.423009 22.051623
-98.425497 22.042555
-98.430915 22.028974
-98.434387 22.017655
-98.440285 22.006335
-98.444221 21.997287
-98.449111 21.990485
-98.454032 21.981437
-98.459434 21.972377
-98.464348 21.963318
-98.469268 21.951999
-98.470299 21.94068
-98.484878 21.942937
-98.494102 21.947478
-98.504776 21.954268
-98.514978 21.958788
-98.522798 21.951998
-98.538887 21.945197
-98.552508 21.947458
-98.565662 21.942929
-98.564249 21.931598
-98.559427 21.920279
-98.542909 21.913489
-98.526848 21.91803
-98.521446 21.924819
-98.505418 21.9203
-98.497673 21.91125
-98.504998 21.904451
-98.518127 21.90671
-98.527398 21.899922
-98.517198 21.897661
-98.503594 21.890861
-98.515297 21.884072
-98.530892 21.877281
-98.534334 21.868223
-98.534387 21.856893
-98.531038 21.843314
-98.518426 21.836523
-98.515054 21.827463
-98.508767 21.820674
-98.502969 21.813885
-98.487891 21.813883
-98.480148 21.807085
-98.475334 21.795775
-98.466604 21.791246
-98.462768 21.782185
-98.455992 21.773127
-98.451666 21.764066
-98.448783 21.755006
-98.453682 21.748217
-98.465857 21.743688
-98.470267 21.734638
-98.476143 21.725587
-98.48683 21.723317
-98.490272 21.714258
-98.500008 21.711997
-98.508309 21.705207
-98.519478 21.702939
-98.517098 21.691618
-98.528266 21.693878
-98.535522 21.700669
-98.546692 21.6984
-98.554964 21.693869
-98.554055 21.680281
-98.556527 21.671221
-98.561907 21.66217
-98.569214 21.65537
-98.580401 21.653101
-98.593005 21.655349
-98.60271 21.657609
-98.614826 21.662131
-98.610988 21.653072
-98.607135 21.644031
-98.61638 21.639491
-98.622721 21.63043
-98.63052 21.621362
-98.62327 21.612313
-98.618441 21.605522
-98.616046 21.596473
-98.618013 21.585153
-98.621447 21.576094
-98.62247 21.564773
-98.61861 21.555714
-98.607508 21.539886
-98.595408 21.530835
-98.582339 21.521786
-98.569757 21.515005
-98.547485 21.503698
-98.536361 21.496917
-98.529602 21.487868
-98.526252 21.478807
-98.527268 21.467488
-98.527801 21.456168
-98.524955 21.44032
-98.520186 21.42222
-98.513465 21.406372
-98.508652 21.397312
-98.504347 21.386003
-98.516501 21.376941
-98.526213 21.370143
-98.538848 21.365613
-98.548539 21.363343
-98.56212 21.358813
-98.5786 21.356534
-98.592669 21.354263
-98.61252 21.356514
-98.62366 21.358762
-98.626116 21.349702
-98.629085 21.331596
-98.629162 21.313473
-98.627742 21.299906
-98.627787 21.286325
-98.624919 21.275007
-98.621105 21.259166
-98.61629 21.250119
-98.609569 21.23427
-98.6038 21.225229
-98.598985 21.21617
-98.597573 21.204859
-98.60341 21.195808
-98.615518 21.195799
-98.627582 21.207089
-98.63872 21.202549
-98.654689 21.20481
-98.672596 21.202518
-98.683262 21.200238
-98.697301 21.197949
-98.70747 21.195679
-98.719089 21.193389
-98.731215 21.188839
-98.743788 21.186561
-98.756385 21.184269
-98.769438 21.18424
-98.781569 21.17743
-98.783523 21.16611
-98.789825 21.159302
-98.801451 21.15702
-98.817902 21.15698
-98.829994 21.159212
-98.84063 21.161451
-98.851264 21.16595
-98.86625 21.174969
-98.875923 21.179471
-98.883661 21.188509
-98.889451 21.19528
-98.897196 21.19978
-98.906855 21.213338
-98.912653 21.222368
-98.918445 21.235938
-98.920374 21.247256
-98.921816 21.258567
-98.925188 21.272135
-98.932429 21.285696
-98.941623 21.290195
-98.96294 21.287865
-98.976025 21.285565
-98.98814 21.280996
-99.000729 21.276426
-99.012365 21.274115
-99.031729 21.271787
-99.044805 21.271736
-99.055456 21.273956
-99.069029 21.278435
-99.079192 21.287445
-99.085982 21.298733
-99.090828 21.305515
-99.096152 21.321334
-99.100991 21.334904
-99.10827 21.352972
-99.114572 21.364271
-99.117973 21.375571
-99.1233 21.39141
-99.133485 21.407209
-99.137369 21.423039
-99.142228 21.436608
-99.147082 21.443368
-99.149994 21.452417
-99.155114 21.462377
-99.181117 21.554164
-99.188875 21.558655
-99.217068 21.592492
-99.223361 21.592452
-99.227734 21.592431
-99.232112 21.592413
-99.237445 21.592391
-99.244243 21.592352
-99.252018 21.590052
-99.260267 21.587742
-99.267057 21.587702
-99.272885 21.585414
-99.275312 21.583131
-99.275785 21.576343
-99.273838 21.571822
-99.272365 21.567302
-99.270429 21.565044
-99.267994 21.558263
-99.268467 21.551472
-99.268467 21.546943
-99.269917 21.542414
-99.274259 21.533324
-99.278637 21.528775
-99.282995 21.524225
-99.295599 21.517365
-99.30918 21.512764
-99.316939 21.514986
-99.327139 21.517195
-99.336363 21.523934
-99.341223 21.526174
-99.349462 21.526126
-99.35579 21.528355
-99.361609 21.526054
-99.363043 21.519256
-99.364006 21.512455
-99.36399 21.503394
-99.363007 21.498875
-99.36348 21.492076
-99.365897 21.487536
-99.368796 21.482997
-99.371695 21.478445
-99.373139 21.473916
-99.373625 21.469376
-99.378456 21.464816
-99.379904 21.460287
-99.379898 21.455755
-99.381835 21.453488
-99.380852 21.448967
-99.382301 21.444417
-99.388107 21.439866
-99.390525 21.435317
-99.39148 21.430788
-99.392448 21.426248
-99.391472 21.42173
-99.391449 21.417198
-99.393386 21.412659
-99.395797 21.410379
-99.399185 21.408099
-99.404527 21.40806
-99.406945 21.410309
-99.412781 21.412541
-99.415689 21.417058
-99.41813 21.42156
-99.420556 21.42608
-99.425913 21.428299
-99.427841 21.426039
-99.432206 21.426008
-99.436569 21.425979
-99.440447 21.423688
-99.445292 21.423658
-99.448197 21.421379
-99.453042 21.42135
-99.459832 21.41904
-99.462235 21.416758
-99.464662 21.412219
-99.467547 21.409928
-99.476267 21.405341
-99.484989 21.40076
-99.494204 21.400689
-99.498568 21.400669
-99.503412 21.400639
-99.508274 21.40513
-99.515551 21.405089
-99.522335 21.402769
-99.528148 21.402729
-99.533 21.402689
-99.53931 21.404919
-99.544651 21.40488
-99.549487 21.407108
-99.559232 21.416098
-99.567981 21.422828
-99.578696 21.434069
-99.588429 21.443058
-99.597195 21.454317
-99.606452 21.463307
-99.613265 21.470046
-99.619123 21.476794
-99.623991 21.481286
-99.629379 21.494836
-99.635244 21.506116
-99.646476 21.521873
-99.656708 21.530864
-99.665475 21.537583
-99.674707 21.539772
-99.679077 21.542012
-99.683465 21.544232
-99.688797 21.544192
-99.69124 21.546442
-99.698563 21.557703
-99.702896 21.548614
-99.710649 21.544023
-99.72326 21.541643
-99.736811 21.534743
-99.745501 21.523353
-99.750779 21.511985
-99.755595 21.505153
-99.75847 21.496076
-99.761325 21.486986
-99.766101 21.471095
-99.767971 21.457497
-99.771784 21.443886
-99.779978 21.432487
-99.786212 21.421108
-99.805628 21.423218
-99.81148 21.429948
-99.821217 21.436656
-99.833394 21.445607
-99.843616 21.452307
-99.855793 21.458987
-99.869398 21.463407
-99.881048 21.465556
-99.892218 21.467716
-99.903402 21.469887
-99.915563 21.474296
-99.926734 21.476455
-99.943258 21.480823
-99.949119 21.487564
-99.965653 21.491934
-99.976831 21.494084
-99.989006 21.500754
-99.998262 21.505202
-100.008042 21.514163
-100.016344 21.520874
-100.026544 21.525292
-100.034342 21.532013
-100.043643 21.540981
-100.053943 21.547663
-100.060749 21.554391
-100.070445 21.558813
-100.088047 21.563161
-100.099751 21.569831
-100.111348 21.57424
-100.121647 21.580922
-100.128445 21.58764
-100.136349 21.59662
-100.142246 21.605609
-100.149549 21.612328
-100.160246 21.61674
-100.169149 21.627968
-100.17935 21.625587
-100.189047 21.627748
-100.20455 21.62757
-100.223548 21.627348
-100.236153 21.627208
-100.254654 21.631529
-100.268249 21.633637
-100.280954 21.638016
-100.290652 21.640169
-100.305749 21.646838
-100.325251 21.648817
-100.336955 21.650937
-100.352556 21.653007
-100.377857 21.654967
-100.400157 21.652426
-100.427259 21.645286
-100.446652 21.633718
-100.461553 21.617667
-100.466757 21.604007
-100.473356 21.58807
-100.477561 21.5699
-100.483656 21.551693
-100.48686 21.535791
-100.492056 21.515354
-100.496756 21.506222
-100.511755 21.496975
-100.52236 21.492294
-100.53736 21.489825
-100.558762 21.491804
-100.576256 21.491564
-100.591256 21.493633
-100.609262 21.493373
-100.621859 21.495463
-100.636058 21.499792
-100.65266 21.508622
-100.663363 21.510733
-100.674061 21.512843
-100.68526 21.514952
-100.693066 21.519373
-100.704762 21.523731
-100.717563 21.534861
-100.73026 21.548272
-100.742063 21.554891
-100.756261 21.568269
-100.769462 21.574869
-100.781769 21.586008
-100.793564 21.594889
-100.806762 21.601489
-100.815665 21.610409
-100.825965 21.617057
-100.836167 21.621426
-100.84697 21.628056
-100.855768 21.634716
-100.867068 21.643597
-100.875971 21.652516
-100.884469 21.669963
-100.892672 21.676896
-100.898767 21.683783
-100.905969 21.688434
-100.917872 21.697164
-100.931567 21.703743
-100.948269 21.712544
-100.966375 21.721313
-100.990271 21.729983
-101.012274 21.734152
-101.029876 21.738392
-101.042471 21.740452
-101.059569 21.74016
-101.07067 21.737711
-101.08287 21.737503
-101.103271 21.737163
-101.114372 21.734702
-101.128572 21.736721
-101.144174 21.738722
-101.161676 21.742951
-101.176874 21.744941
-101.193873 21.74691
-101.203677 21.751261
-101.219874 21.75778
-101.231075 21.762109
-101.240978 21.76873
-101.249279 21.773111
-101.254277 21.779821
-101.259281 21.78653
-101.266675 21.795449
-101.272679 21.806669
-101.281576 21.811038
-101.286481 21.817757
-101.288579 21.824518
-101.305181 21.830038
-101.32128 21.830228
-101.338278 21.830447
-101.356383 21.828398
-101.37738 21.824118
-101.395882 21.824347
-101.419381 21.822359
-101.438082 21.828507
-101.448984 21.839625
-101.45408 21.850855
-101.456186 21.862145
-101.454981 21.873496
-101.444085 21.891833
-101.435984 21.901053
-101.427385 21.910282
-101.413483 21.924142
-101.404382 21.933384
-101.396278 21.942602
-101.390984 21.949493
-101.385284 21.958664
-101.381081 21.967812
-101.376884 21.976952
-101.368782 21.990701
-101.363182 22.00214
-101.357482 22.013569
-101.352378 22.027259
-101.348678 22.040928
-101.347984 22.054537
-101.345878 22.072708
-101.344077 22.084067
-101.340881 22.099985
-101.339683 22.111345
-101.338378 22.122695
-101.338584 22.134025
-101.337784 22.145364
-101.338981 22.156674
-101.341583 22.165692
-101.340179 22.172524
-101.340881 22.186094
-101.342682 22.204191
-101.34478 22.21548
-101.345977 22.226791
-101.353081 22.240259
-101.353783 22.25158
-101.358284 22.260559
-101.362382 22.271819
-101.365982 22.283077
-101.369584 22.294339
-101.37278 22.307879
-101.378281 22.316836
-101.37948 22.328146
-101.379784 22.344007
-101.375085 22.357684
-101.368882 22.366876
-101.362679 22.373784
-101.351181 22.385333
-101.34298 22.394554
-101.335282 22.401484
-101.326683 22.410713
-101.318382 22.417663
-101.308281 22.426903
-101.297683 22.436172
-101.288581 22.445401
-101.285384 22.456791
-101.287482 22.468081
-101.29348 22.477039
-101.29898 22.48374
-101.306984 22.490392
-101.313881 22.497061
-101.326783 22.50816
-101.33178 22.514859
-101.33638 22.523848
-101.344384 22.532768
-101.349885 22.539459
-101.357781 22.546118
-101.369684 22.552696
-101.381487 22.557007
-101.395784 22.563536
-101.411082 22.572318
-101.420887 22.574406
-101.433788 22.578685
-101.465184 22.582626
-101.479886 22.584605
-101.496488 22.584297
-101.514089 22.583945
-101.524786 22.576935
-101.532485 22.569987
-101.538687 22.560797
-101.548285 22.553806
-101.578788 22.507877
-101.592987 22.507589
-101.605088 22.50282
-101.618286 22.500279
-101.627991 22.497818
-101.642586 22.492989
-101.651788 22.486008
-101.663392 22.481238
-101.677393 22.471881
-101.683091 22.462701
-101.697092 22.448812
-101.705294 22.4441
-101.71149 22.43718
-101.725589 22.432352
-101.734294 22.427641
-101.751797 22.420472
-101.762493 22.417971
-101.778996 22.415361
-101.79279 22.419592
-101.803693 22.426161
-101.814596 22.430462
-101.825095 22.441579
-101.830595 22.44826
-101.838095 22.457161
-101.847693 22.47055
-101.852798 22.479508
-101.855894 22.488508
-101.859496 22.499768
-101.867194 22.515458
-101.883293 22.535507
-101.901397 22.560045
-101.912995 22.573396
-101.918496 22.580065
-101.926995 22.586685
-101.936899 22.593264
-101.945397 22.599875
-101.952295 22.607003
-101.960397 22.611743
-101.9704 22.618822
-101.977 22.625822
-101.993701 22.639891
-102.004101 22.649251
-102.011303 22.65399
-102.017399 22.660962
-102.023998 22.66794
-102.032498 22.674991
-102.042401 22.6866
-102.050999 22.69364
-102.060498 22.700709
-102.073499 22.70786
-102.084203 22.710419
-102.098699 22.715358
-102.109106 22.724718
-102.117805 22.738008
-102.126006 22.744958
-102.134505 22.754177
-102.144104 22.763406
-102.152206 22.772618
-102.159706 22.786355
-102.166702 22.800075
-102.172807 22.811515
-102.178003 22.818413
-102.183503 22.832105
-102.186204 22.843484
-102.193803 22.852683
-102.198503 22.861833
-102.203608 22.870982
-102.207803 22.882391
-102.213907 22.893831
-102.219606 22.900733
-102.231607 22.920741
-102.236803 22.927681
-102.241404 22.93461
-102.246005 22.9438
-102.247607 22.95518
-102.251209 22.964348
-102.255107 22.978058
-102.254611 22.993908
-102.253207 23.005216
-102.251308 23.016495
-102.249004 23.027775
-102.246203 23.036775
-102.244708 23.050343
-102.246708 23.064004
-102.246707 23.077604
-102.247806 23.088974
-102.248706 23.104863
-102.250408 23.125322
-102.253406 23.139001
-102.257709 23.154989
-102.262607 23.16872
-102.265812 23.177879
-102.271412 23.184829
-102.279012 23.194099
-102.288708 23.210228
-102.296713 23.221777
-102.296308 23.233097
-102.260807 23.234439
-102.229404 23.369662
-102.178706 23.368313
-102.167604 23.322656
-102.001302 23.356642
-101.993703 23.363233
-101.9856 23.369804
-101.974499 23.376291
-101.961201 23.375921
-101.953503 23.382501
-101.943897 23.391302
-101.932499 23.404582
-101.925701 23.41573
-101.916301 23.42906
-101.907001 23.44014
-101.895602 23.455689
-101.886095 23.471289
-101.8716 23.489009
-101.859598 23.506806
-101.8482 23.520078
-101.825898 23.535307
-101.810196 23.546185
-101.792595 23.554735
-101.780693 23.556655
-101.769699 23.560865
-101.749793 23.564816
-101.738196 23.571274
-101.729895 23.582354
-101.723593 23.591256
-101.720793 23.600235
-101.714293 23.613643
-101.705396 23.626981
-101.695592 23.638023
-101.688894 23.644623
-101.679395 23.648882
-101.667692 23.655333
-101.657697 23.659571
-101.645497 23.668262
-101.636395 23.672521
-101.624294 23.678961
-101.610789 23.683082
-101.588191 23.687971
-101.578395 23.691511
-101.564188 23.70242
-101.53769 23.7243
-101.515687 23.74404
-101.494087 23.763788
-101.467491 23.787907
-101.447585 23.805436
-101.43109 23.823066
-101.407988 23.842755
-101.385885 23.864734
-101.366887 23.882284
-101.34789 23.902094
-101.334188 23.922051
-101.324283 23.935342
-101.314083 23.953152
-101.208482 24.076297
-101.071181 24.216781
-101.045575 24.257759
-100.973179 24.364778
-100.834877 24.417784
-100.802672 24.50198
