-109.135702 26.313417
-109.022999 26.382613
-108.997294 26.402653
-108.658488 26.630977
-108.52439 26.746571
-108.463988 26.904176
-108.451483 26.928786
-108.447989 26.935614
-108.442785 26.940056
-108.437087 26.942226
-108.428885 26.946614
-108.425284 26.948815
-108.422682 26.951037
-108.417982 26.955474
-108.411383 26.957627
-108.408788 26.959845
-108.405683 26.962055
-108.402586 26.964265
-108.395887 26.966405
-108.382184 26.984294
-108.369382 27.008983
-108.352582 27.008674
-108.342785 26.997165
-108.339786 26.992585
-108.334286 26.990214
-108.322086 26.992254
-108.316486 26.992144
-108.301279 26.989604
-108.285685 26.984775
-108.276583 26.984596
-108.268984 26.984454
-108.259881 26.982015
-108.25078 26.981845
-108.242685 26.979426
-108.238679 26.977084
-108.233583 26.976986
-108.22458 26.974546
-108.222183 26.969965
-108.205581 26.944715
-108.092976 26.872249
-108.035777 26.852959
-108.027278 26.827421
-108.021174 26.81842
-108.010477 26.809472
-108.002771 26.802752
-107.985475 26.791592
-107.976769 26.778083
-107.972573 26.766804
-107.967476 26.755524
-107.965775 26.741955
-107.963174 26.730644
-107.959572 26.717085
-107.95697 26.708057
-107.954368 26.699014
-107.951675 26.683188
-107.947571 26.671898
-107.941375 26.662898
-107.934272 26.653896
-107.929068 26.647147
-107.919974 26.640449
-107.909269 26.633738
-107.892767 26.628039
-107.882573 26.619069
-107.873372 26.607828
-107.865765 26.6011
-107.857068 26.585321
-107.85387 26.57175
-107.852268 26.558183
-107.822268 26.393027
-107.791864 26.172166
-107.792168 26.160826
-107.790162 26.144907
-107.786362 26.135757
-107.781167 26.126568
-107.771263 26.119549
-107.761863 26.114798
-107.745361 26.109897
-107.72476 26.107168
-107.711759 26.104608
-107.696165 26.101997
-107.675061 26.099251
-107.661565 26.096679
-107.645458 26.096309
-107.625858 26.093589
-107.612758 26.09329
-107.592257 26.088279
-107.576159 26.0879
-107.553858 26.08965
-107.537462 26.084731
-107.524361 26.087179
-107.49456 26.08739
-107.477959 26.08751
-107.460853 26.085359
-107.439658 26.085502
-107.421553 26.081081
-107.407857 26.078912
-107.392751 26.074472
-107.37505 26.06325
-107.364956 26.05651
-107.354351 26.047511
-107.338153 26.029484
-107.331653 26.015913
-107.329555 25.997793
-107.328952 25.984194
-107.32445 25.966086
-107.321849 25.952506
-107.317751 25.929856
-107.313654 25.904939
-107.312547 25.882278
-107.311952 25.857341
-107.308848 25.836961
-107.30285 25.821121
-107.294748 25.809831
-107.282647 25.805373
-107.269051 25.803181
-107.25145 25.796482
-107.223349 25.792101
-107.197646 25.783161
-107.186049 25.771882
-107.173948 25.760603
-107.161344 25.749344
-107.149846 25.735795
-107.140744 25.719966
-107.130643 25.704146
-107.121044 25.692845
-107.110546 25.677028
-107.100947 25.661199
-107.099445 25.643068
-107.100444 25.627199
-107.101344 25.602249
-107.101344 25.588639
-107.104747 25.585412
-107.105242 25.574071
-107.114741 25.551352
-107.119242 25.537723
-107.121745 25.517314
-107.122241 25.503703
-107.117144 25.485594
-107.109141 25.460674
-107.107547 25.444815
-107.114542 25.422107
-107.124042 25.397119
-107.128047 25.383486
-107.135043 25.353981
-107.138941 25.326749
-107.144442 25.294971
-107.145846 25.272293
-107.146342 25.249612
-107.145846 25.231474
-107.142244 25.213345
-107.138743 25.195216
-107.137743 25.172547
-107.137742 25.161205
-107.134142 25.140817
-107.128641 25.113618
-107.117043 25.08192
-107.106545 25.050211
-107.100044 25.025301
-107.090942 24.993583
-107.078444 24.964166
-107.066444 24.939256
-107.055937 24.916626
-107.04344 24.896266
-107.030439 24.878168
-107.019941 24.866879
-107.009938 24.85104
-107.000439 24.828391
-106.983936 24.801241
-106.973537 24.785403
-106.956538 24.767323
-106.936037 24.760593
-106.900133 24.762982
-106.863831 24.767643
-106.843331 24.767702
-106.825836 24.763213
-106.811935 24.756452
-106.79753 24.738344
-106.78453 24.717965
-106.768133 24.702126
-106.749731 24.688568
-106.731732 24.674996
-106.720334 24.661417
-106.711934 24.643288
-106.706432 24.616079
-106.700527 24.588862
-106.69263 24.561672
-106.678729 24.541283
-106.657832 24.523173
-106.638925 24.502784
-106.62803 24.493735
-106.618126 24.482405
-106.613625 24.471075
-106.612725 24.452926
-106.601829 24.439327
-106.583426 24.428016
-106.574027 24.414419
-106.573028 24.396267
-106.583625 24.371311
-106.582122 24.346349
-106.578727 24.33501
-106.569822 24.314601
-106.558424 24.294202
-106.546621 24.276071
-106.536222 24.262464
-106.520825 24.251145
-106.502026 24.237545
-106.479626 24.233025
-106.464725 24.230775
-106.447924 24.233056
-106.428019 24.237604
-106.412119 24.246685
-106.39412 24.258033
-106.369218 24.271653
-106.343818 24.294342
-106.320419 24.305672
-106.292616 24.312474
-106.269721 24.312474
-106.237417 24.307903
-106.232717 24.302403
-106.218816 24.300245
-106.205915 24.295813
-106.188411 24.286884
-106.170016 24.277954
-106.150615 24.266756
-106.13621 24.255536
-106.12121 24.242036
-106.106309 24.226278
-106.089311 24.208268
-106.07341 24.187967
-106.063408 24.172179
-106.052414 24.158648
-106.043015 24.147381
-106.03701 24.13835
-106.02101 24.115781
-106.013609 24.10677
-106.008612 24.097733
-106.001112 24.088712
-105.992612 24.072904
-105.984212 24.057083
-105.973706 24.036743
-105.968205 24.027716
-105.962705 24.014145
-105.955204 24.002856
-105.951206 23.991547
-105.947308 23.982507
-105.947209 23.968897
-105.936206 23.771724
-105.934703 23.764935
-105.92831 23.755906
-105.923305 23.749136
-105.911402 23.740136
-105.904504 23.733377
-105.896608 23.728896
-105.892106 23.719858
-105.886102 23.706279
-105.883104 23.697229
-105.880602 23.685909
-105.878106 23.676858
-105.875108 23.663269
-105.868707 23.649698
-105.864205 23.638401
-105.859307 23.63162
-105.851806 23.620331
-105.845902 23.606764
-105.842903 23.597701
-105.837905 23.588663
-105.834403 23.579622
-105.827507 23.563785
-105.825004 23.552465
-105.818602 23.545695
-105.809203 23.538944
-105.794401 23.532224
-105.783002 23.525484
-105.7712 23.511948
-105.768705 23.502888
-105.765698 23.484767
-105.764699 23.468898
-105.758702 23.459857
-105.747403 23.453118
-105.738499 23.448628
-105.734501 23.439579
-105.729099 23.432809
-105.731999 23.421448
-105.7365 23.410101
-105.740398 23.401
-105.735402 23.391961
-105.723598 23.385222
-105.713298 23.383003
-105.706798 23.373963
-105.714199 23.362592
-105.7196 23.353501
-105.725498 23.344403
-105.727 23.333053
-105.722499 23.324013
-105.715099 23.317243
-105.711696 23.308194
-105.705303 23.299163
-105.700298 23.292373
-105.700297 23.278775
-105.696901 23.269724
-105.691401 23.262946
-105.692896 23.247076
-105.676599 23.242618
-105.660898 23.242676
-105.652993 23.235926
-105.649094 23.224606
-105.650994 23.210989
-105.644593 23.201948
-105.630798 23.20202
-105.52889 23.091334
-105.390291 23.089535
-105.384987 23.001127
-105.432589 23.003248
-105.458194 22.928362
-105.451892 22.917042
-105.444994 22.903462
-105.448389 22.887582
-105.451388 22.876234
-105.454287 22.864883
-105.457293 22.855814
-105.459292 22.844474
-105.461688 22.833125
-105.464694 22.824054
-105.47449 22.814946
-105.480388 22.808125
-105.484789 22.799046
-105.491695 22.789956
-105.496593 22.783135
-105.500491 22.774047
-105.503993 22.764967
-105.510296 22.755877
-105.51569 22.746789
-105.52309 22.73543
-105.528491 22.7286
-105.531895 22.719518
-105.534893 22.703641
-105.53439 22.6923
-105.52309 22.68782
-105.514789 22.681041
-105.505489 22.676539
-105.499088 22.669762
-105.492693 22.658462
-105.485888 22.651682
-105.485888 22.638083
-105.477488 22.629032
-105.467691 22.613203
-105.470194 22.601866
-105.473093 22.588254
-105.462389 22.583756
-105.454088 22.576974
-105.453592 22.565645
-105.44919 22.554327
-105.441788 22.545286
-105.438386 22.536226
-105.43889 22.524888
-105.440392 22.511288
-105.445786 22.490869
-105.455591 22.479498
-105.470788 22.470371
-105.484987 22.463531
-105.503092 22.45666
-105.517794 22.45433
-105.532389 22.45655
-105.540294 22.461048
-105.550495 22.467811
-105.557895 22.47911
-105.575993 22.476777
-105.587796 22.474458
-105.604894 22.476648
-105.61659 22.478869
-105.631796 22.476527
-105.642995 22.476488
-105.648292 22.506688
-105.655997 22.642213
-105.652991 22.642302
-105.681495 22.665433
-105.6969 22.702588
-105.685494 22.713849
-105.645393 22.710139
-105.659293 22.735907
-105.702294 22.739508
-105.726693 22.730578
-105.736398 22.707378
-105.719995 22.657182
-105.692092 22.633492
-105.690696 22.593734
-105.713395 22.571235
-105.695 22.499279
-105.706993 22.507637
-105.7277 22.545716
-105.756196 22.602644
-105.818997 22.68411
-106.047205 22.859501
-106.08591 22.916029
-106.240212 23.052673
-106.316417 23.13079
-106.355114 23.170357
-106.386617 23.176348
-106.413213 23.147069
-106.428915 23.1427
-106.441114 23.167907
-106.435117 23.222106
-106.443518 23.240345
-106.455322 23.239934
-106.497818 23.311512
-106.493623 23.322572
-106.477615 23.32313
-106.478119 23.334022
-106.585223 23.465466
-106.597424 23.474295
-106.629727 23.496574
-106.642522 23.533201
-106.670225 23.532192
-106.698524 23.556242
-106.728424 23.617327
-106.772325 23.620059
-106.777429 23.656418
-106.792825 23.655847
-106.809725 23.677025
-106.802927 23.724185
-106.885632 23.813242
-106.90003 23.881418
-107.014032 23.976323
-107.067134 24.006993
-107.083438 24.039631
-107.128438 24.062949
-107.143941 24.089607
-107.157339 24.121807
-107.182043 24.141566
-107.18054 24.108897
-107.204642 24.116128
-107.293543 24.185103
-107.432951 24.241051
-107.747855 24.463962
-107.800561 24.4824
-107.813256 24.49712
-107.814156 24.513989
-107.793457 24.49362
-107.700255 24.454002
-107.64275 24.413902
-107.614452 24.406924
-107.517952 24.323709
-107.514152 24.330958
-107.551652 24.367027
-107.548449 24.385165
-107.511353 24.357797
-107.508148 24.365027
-107.505249 24.390776
-107.493653 24.398343
-107.493851 24.402156
-107.533251 24.523771
-107.548349 24.537879
-107.56705 24.51855
-107.610653 24.52053
-107.609851 24.50583
-107.599956 24.51007
-107.591251 24.50226
-107.59505 24.495551
-107.665258 24.469671
-107.678656 24.498549
-107.714659 24.5041
-107.717757 24.49307
-107.777855 24.503569
-107.784455 24.549647
-107.871257 24.591676
-107.88766 24.608956
-107.923962 24.618255
-107.974364 24.644933
-107.930364 24.592347
-107.86996 24.566098
-107.82226 24.521269
-107.835359 24.520697
-107.839861 24.527599
-107.988066 24.622503
-108.031463 24.675113
-108.025063 24.722841
-108.068666 24.778697
-108.061868 24.795916
-107.989166 24.720629
-107.978163 24.717302
-107.953765 24.729291
-107.962263 24.74364
-107.98786 24.753411
-107.997162 24.770988
-107.981062 24.771709
-107.982261 24.793467
-108.024064 24.826516
-108.009064 24.846826
-108.017968 24.868236
-108.034562 24.876764
-108.016861 24.915183
-108.017167 24.921172
-108.022164 24.947661
-108.011063 24.962892
-108.012269 24.98465
-108.049769 25.015149
-108.066066 25.072766
-108.090671 25.085836
-108.12077 25.121014
-108.143666 25.101986
-108.184469 25.124114
-108.232574 25.170442
-108.251075 25.169591
-108.247772 25.164842
-108.262574 25.161432
-108.268471 25.170972
-108.261071 25.18713
-108.285974 25.203981
-108.285271 25.19201
-108.321772 25.202311
-108.323176 25.226791
-108.382077 25.281848
-108.399381 25.281038
-108.380672 25.257907
-108.397076 25.186801
-108.424473 25.226948
-108.511276 25.286645
-108.745588 25.373471
-108.685285 25.368781
-108.657582 25.377763
-108.669186 25.391372
-108.706983 25.400441
-108.777984 25.382781
-108.781387 25.400612
-108.754791 25.41664
-108.764587 25.43034
-108.753188 25.440721
-108.770088 25.45188
-108.800484 25.428559
-108.80069 25.432369
-108.793686 25.445808
-108.785088 25.501858
-108.778191 25.516916
-108.787285 25.538274
-108.818987 25.536704
-108.834489 25.523954
-108.83529 25.538075
-108.879192 25.577343
-108.888888 25.569224
-108.914395 25.573945
-108.923291 25.540785
-108.905491 25.505686
-108.930691 25.465696
-108.96719 25.473678
-108.994193 25.501217
-109.046294 25.498576
-109.036292 25.473449
-109.103097 25.513666
-109.125299 25.552334
-109.101396 25.553565
-109.068596 25.538334
-109.052696 25.544056
-109.063493 25.582223
-109.010993 25.579982
-109.00849 25.558304
-108.986396 25.570324
-108.977094 25.614422
-108.937894 25.623483
-108.939497 25.649029
-108.961096 25.67793
-108.996994 25.675029
-109.072693 25.605741
-109.097597 25.619191
-109.104395 25.582853
-109.119493 25.584262
-109.133898 25.602602
-109.139597 25.588132
-109.156001 25.591113
-109.161899 25.608792
-109.165095 25.611903
-109.194599 25.63983
-109.205197 25.675269
-109.261504 25.726866
-109.263998 25.700019
-109.249701 25.664769
-109.215199 25.624031
-109.192699 25.609393
-109.170596 25.574533
-109.179699 25.566423
-109.221303 25.615531
-109.255697 25.636638
-109.321204 25.653389
-109.396707 25.649398
-109.376703 25.684267
-109.298401 25.674219
-109.306503 25.734325
-109.357904 25.765425
-109.358507 25.775214
-109.379106 25.786113
-109.417407 25.764446
-109.419505 25.750164
-109.440403 25.86847
-109.430905 25.906598
-109.466505 25.962495
-109.442106 26.014505
-109.448208 26.023995
-109.441006 26.044004
-109.415508 26.040454
-109.427709 26.080694
-109.389003 26.107283
-109.344707 26.16849
-109.299906 26.279856
-109.266107 26.319213
-109.247406 26.300563
-109.256105 26.285406
-109.279504 26.273287
-109.305208 26.174382
-109.288003 26.160561
-109.268601 26.169192
-109.272004 26.222988
-109.264001 26.220129
-109.2445 26.254936
-109.223999 26.294697
-109.215004 26.343114
-109.190506 26.329125
-109.162605 26.297865
-109.182205 26.264156
-109.177298 26.253506
-109.156798 26.244748
-109.156004 26.232798
-109.142797 26.233478
-109.133299 26.208338
-109.124898 26.208778
-109.115697 26.253939
-109.104199 26.264326
-109.105604 26.286067
-109.140302 26.299006
-109.135702 26.313417
