-114.889789 31.882381
-114.960492 31.890402
-114.983892 31.901219
-114.993689 31.906091
-115.003195 31.919269
-115.011893 31.925748
-115.017394 31.932319
-115.030791 31.949878
-115.033889 31.963247
-115.031196 31.974547
-115.021095 31.988318
-115.01799 32.004137
-115.013694 32.015485
-115.018394 32.026567
-115.017296 32.040067
-115.017891 32.055757
-115.021194 32.073605
-115.022797 32.087023
-115.026894 32.098125
-115.025994 32.113855
-115.022897 32.129652
-115.018395 32.138772
-115.014794 32.154584
-115.012093 32.165884
-115.018693 32.172402
-115.024194 32.178971
-115.026193 32.190132
-115.038095 32.194272
-115.045893 32.205243
-115.049997 32.214092
-115.059397 32.225032
-115.058497 32.242992
-115.051394 32.252181
-115.032793 32.263959
-115.017397 32.277868
-115.007196 32.28715
-114.994295 32.296511
-114.988191 32.30565
-114.984895 32.314729
-114.986398 32.325897
-114.992998 32.332429
-114.995195 32.348056
-114.979791 32.361969
-114.970598 32.373459
-114.968095 32.389216
-114.952997 32.398627
-114.950196 32.407687
-114.967295 32.411666
-114.965593 32.422914
-114.955797 32.429927
-114.947198 32.441396
-114.932893 32.441815
-114.916993 32.442284
-114.904594 32.438153
-114.890594 32.434075
-114.876296 32.434495
-114.857192 32.435045
-114.843993 32.437667
-114.83499 32.439937
-114.83219 32.465086
-114.832191 32.503292
-114.812812 32.497235
-114.564788 32.419708
-114.555026 32.416556
-114.550323 32.415134
-114.402893 32.370335
-114.379295 32.363152
-114.288467 32.335423
-114.265831 32.328503
-114.208504 32.31094
-114.197533 32.307583
-114.111008 32.281021
-114.056549 32.264263
-114.051842 32.262814
-114.050293 32.262348
-114.049438 32.262077
-114.012146 32.250587
-114.000771 32.247063
-113.976768 32.239616
-113.961044 32.234764
-113.948868 32.231007
-113.909096 32.2187
-113.886932 32.211842
-113.883842 32.210885
-113.874588 32.208019
-113.845161 32.198895
-113.83622 32.196125
-113.816078 32.189869
-113.796318 32.183739
-113.785606 32.18045
-113.750801 32.169754
-113.706741 32.155865
-113.704735 32.155239
-113.693695 32.151798
-113.663269 32.142311
-113.645401 32.136742
-113.641663 32.135571
-113.634911 32.133465
-113.586159 32.118233
-113.558533 32.109573
-113.513565 32.095501
-113.493393 32.089165
-113.441566 32.072895
-113.418427 32.065624
-113.380287 32.053635
-113.356659 32.046185
-113.331627 32.038296
-113.302971 32.029259
-113.278252 32.02145
-113.215248 32.001526
-113.212326 32.000607
-113.168045 31.986584
-113.155312 31.982546
-113.106163 31.967714
-113.073563 31.957859
-113.016029 31.940443
-113.009064 31.938335
-112.905609 31.906921
-112.843246 31.887951
-112.830742 31.884136
-112.822227 31.881527
-112.818398 31.880362
-112.799492 31.874582
-112.771309 31.865967
-112.744858 31.857893
-112.742111 31.857054
-112.720161 31.850325
-112.685158 31.839586
-112.681633 31.838497
-112.668091 31.834339
-112.610428 31.816631
-112.504852 31.784082
-112.460205 31.770292
-112.436447 31.762957
-112.417633 31.757137
-112.374008 31.743631
-112.320625 31.727079
-112.315575 31.72551
-112.208679 31.692272
-112.111679 31.662004
-112.100342 31.658461
-112.075943 31.650833
-112.075111 31.650568
-112.027168 31.635513
-112.004845 31.6285
-112.000687 31.627199
-111.951218 31.611622
-111.816383 31.569103
-111.761795 31.551863
-111.715424 31.537186
-111.652576 31.517248
-111.162284 31.349598
-111.087682 31.32277
-110.880011 31.333351
-110.868095 31.333441
-110.848877 31.333569
-110.828178 31.333721
-110.75531 31.333483
-110.744057 31.333443
-110.697746 31.333576
-110.660866 31.333668
-110.622482 31.333748
-110.563614 31.333853
-110.423233 31.333986
-110.383995 31.334002
-110.351349 31.334
-110.32711 31.333988
-110.272949 31.333963
-110.147552 31.333815
-110.099213 31.333719
-110.056709 31.333626
-110.000626 31.334057
-109.986908 31.333994
-109.952682 31.334116
-109.948357 31.334143
-109.936012 31.334227
-109.917336 31.334169
-109.87339 31.334061
-109.852264 31.334049
-109.807541 31.334059
-109.789223 31.334061
-109.629768 31.334057
-109.62532 31.334063
-109.569145 31.334055
-109.563385 31.334055
-109.561157 31.334057
-109.537544 31.334053
-109.510025 31.33408
-109.287811 31.334061
-109.256142 31.334055
-109.088089 31.33461
-108.926414 31.334892
-108.917526 31.334892
-108.869408 31.334936
-108.867622 31.334938
-108.865852 31.33493
-108.835927 31.334938
-108.836422 31.2913
-108.868321 31.208424
-108.853824 31.192614
-108.836223 31.176775
-108.81142 31.190085
-108.701213 30.560003
-108.666217 30.528255
-108.610107 30.361342
-108.598906 30.262235
-108.594908 30.219426
-108.595106 30.201425
-108.571506 29.955812
-108.581103 29.793699
-108.599503 29.363332
-108.691005 29.364021
-108.676706 29.235366
-108.602803 28.711274
-108.614796 28.663953
-108.637602 28.573798
-108.616902 28.47428
-108.575595 28.302279
-108.570794 28.279647
-108.640796 28.216931
-108.913707 28.266186
-109.079811 28.258026
-109.13221 28.194998
-109.055212 28.011575
-109.001803 27.904829
-108.967508 27.881699
-108.9142 27.842433
-108.9115 27.801652
-108.749598 27.631618
-108.749399 27.618029
-108.760898 27.60689
-108.743593 27.538683
-108.629691 27.486994
-108.650397 27.412607
-108.598393 27.250914
-108.645292 27.208656
-108.643796 27.183715
-108.647489 27.181495
-108.653196 27.174806
-108.656995 27.165797
-108.656691 27.156737
-108.651494 27.143057
-108.647192 27.131647
-108.642393 27.117977
-108.636091 27.106549
-108.631893 27.092879
-108.628094 27.08149
-108.622288 27.067801
-108.620189 27.0519
-108.61739 27.040521
-108.616688 27.026913
-108.616893 27.022392
-108.565386 26.969394
-108.483085 26.972504
-108.451483 26.928786
-108.463988 26.904176
-108.52439 26.746571
-108.658488 26.630977
-108.997294 26.402653
-109.022999 26.382613
-109.135702 26.313417
-109.153998 26.325004
-109.154601 26.335335
-109.198906 26.404443
-109.204903 26.364353
-109.239305 26.402352
-109.244401 26.358493
-109.256304 26.354613
-109.255702 26.412412
-109.251901 26.409331
-109.306904 26.558506
-109.431008 26.668051
-109.482714 26.69799
-109.449914 26.688839
-109.443009 26.70337
-109.468515 26.731439
-109.480111 26.723191
-109.502612 26.751427
-109.514217 26.743169
-109.518314 26.750588
-109.518114 26.746789
-109.531414 26.764047
-109.561818 26.737359
-109.556614 26.714207
-109.523616 26.701821
-109.505411 26.673899
-109.591916 26.698147
-109.669715 26.701018
-109.680015 26.690648
-109.675719 26.690879
-109.699615 26.685218
-109.699417 26.68251
-109.830722 26.747767
-109.852825 26.778145
-109.890226 26.88831
-109.892622 26.888171
-109.905028 26.927249
-109.904822 26.924
-109.94513 27.005096
-109.938424 27.005477
-109.924521 26.980638
-109.897924 26.964157
-109.891723 26.971578
-109.920425 27.035346
-109.913528 27.049895
-109.932427 27.067353
-109.935325 27.074283
-109.979928 27.111553
-110.017726 27.12904
-110.05663 27.129013
-110.058826 27.100013
-110.191733 27.128392
-110.24643 27.160658
-110.270937 27.14562
-110.311336 27.156899
-110.322238 27.181318
-110.330135 27.180858
-110.329937 27.178689
-110.447342 27.282933
-110.51294 27.297022
-110.519243 27.307542
-110.46994 27.317535
-110.49424 27.348793
-110.505342 27.3917
-110.541247 27.38249
-110.553942 27.388811
-110.56074 27.373701
-110.582546 27.444838
-110.594449 27.440858
-110.609548 27.519466
-110.597043 27.531114
-110.614347 27.631351
-110.629546 27.67074
-110.593244 27.676171
-110.607344 27.700907
-110.604544 27.720138
-110.572949 27.731818
-110.603148 27.758876
-110.619048 27.750846
-110.626045 27.786356
-110.605544 27.791396
-110.60855 27.830944
-110.552946 27.848954
-110.537443 27.854763
-110.538144 27.863982
-110.61515 27.893692
-110.624847 27.884411
-110.664345 27.903821
-110.673348 27.877692
-110.709948 27.908142
-110.759555 27.923111
-110.853057 27.92015
-110.839759 27.95471
-110.859054 27.997078
-110.880653 27.990858
-110.876357 27.952469
-110.887855 27.92619
-110.906753 27.909781
-110.900558 27.900361
-110.890357 27.903169
-110.879858 27.894561
-110.900855 27.849722
-110.917853 27.855742
-110.939858 27.87835
-110.967958 27.87662
-110.980554 27.912309
-110.977755 27.93153
-111.001856 27.981208
-111.042759 27.978667
-111.07356 27.957148
-111.090359 27.959907
-111.114759 27.943678
-111.109564 27.947819
-111.129165 27.986318
-111.166366 27.991057
-111.253969 28.050833
-111.374067 28.205907
-111.390373 28.255457
-111.45807 28.331092
-111.459573 28.348953
-111.436174 28.36351
-111.465571 28.377391
-111.474474 28.365942
-111.474673 28.36865
-111.542973 28.419708
-111.614775 28.431888
-111.66288 28.462467
-111.716577 28.471967
-111.736177 28.492436
-111.768184 28.578444
-111.885788 28.692439
-111.881485 28.692728
-111.930688 28.732948
-111.949091 28.760526
-111.921487 28.769456
-111.918084 28.780555
-111.868987 28.747955
-111.862083 28.753317
-111.868385 28.776825
-111.88559 28.782737
-111.896691 28.818434
-111.917985 28.828964
-111.92019 28.804886
-111.933587 28.815964
-111.940287 28.800824
-112.028393 28.869912
-112.03629 28.89602
-112.053693 28.904089
-112.071592 28.925698
-112.102897 28.951307
-112.137795 28.975558
-112.166299 28.968718
-112.187388 28.979333
-112.176264 28.989712
-112.210825 29.022482
-112.206898 29.007242
-112.279859 28.814539
-112.280832 28.79216
-112.261372 28.770754
-112.334347 28.752267
-112.468621 28.812593
-112.514352 28.817458
-112.583435 28.881676
-112.532839 28.917677
-112.514352 28.951732
-112.51046 28.988706
-112.514352 29.090871
-112.507541 29.134656
-112.441377 29.20082
-112.407322 29.196928
-112.37424 29.228064
-112.318779 29.234875
-112.300292 29.254335
-112.283751 29.247524
-112.271102 29.143413
-112.231209 29.096709
-112.210835 29.022553
-112.176194 28.989787
-112.176393 29.040335
-112.194995 29.089614
-112.180194 29.124882
-112.2094 29.161461
-112.203098 29.18092
-112.224698 29.194112
-112.229901 29.210598
-112.219898 29.237367
-112.223996 29.283287
-112.265898 29.335826
-112.318405 29.353935
-112.331803 29.330186
-112.378305 29.330215
-112.404703 29.347934
-112.424205 29.377543
-112.387607 29.47409
-112.407009 29.509137
-112.434903 29.528918
-112.438107 29.564547
-112.488104 29.615354
-112.54641 29.694362
-112.578111 29.72091
-112.621212 29.78303
-112.650716 29.878667
-112.683417 29.915964
-112.751419 29.923063
-112.740021 29.987392
-112.761316 30.028201
-112.763918 30.167485
-112.764819 30.177183
-112.779422 30.219544
-112.804523 30.246511
-112.820118 30.252442
-112.827725 30.273592
-112.851819 30.264814
-112.86952 30.273302
-112.874823 30.288662
-112.877127 30.313442
-112.868422 30.333601
-112.863425 30.33992
-112.87432 30.414527
-112.953325 30.480954
-112.996525 30.539633
-113.10643 30.715397
-113.140833 30.809903
-113.116532 30.844183
-113.123437 30.843682
-113.125033 30.904791
-113.109735 30.992577
-113.139339 31.036996
-113.151936 31.076154
-113.141033 31.080194
-113.103732 31.014678
-113.083735 31.066515
-113.092639 31.112963
-113.071833 31.157252
-113.089732 31.166784
-113.110935 31.215591
-113.124737 31.214591
-113.130535 31.203872
-113.196738 31.222861
-113.262841 31.292168
-113.27794 31.279149
-113.25914 31.25563
-113.28354 31.25383
-113.334246 31.282018
-113.336146 31.274848
-113.394948 31.277509
-113.453543 31.302378
-113.531944 31.303535
-113.567147 31.303045
-113.56035 31.323047
-113.620151 31.328274
-113.648655 31.347775
-113.622348 31.349764
-113.64375 31.422303
-113.637952 31.488761
-113.685157 31.5236
-113.692557 31.527908
-113.735253 31.537649
-113.77086 31.557658
-113.771158 31.561409
-113.795854 31.555738
-113.794756 31.581246
-113.816355 31.575818
-113.851261 31.601797
-113.876858 31.592796
-113.883961 31.617686
-113.923864 31.636243
-113.926061 31.621464
-113.95626 31.626165
-113.971359 31.649334
-113.983863 31.648364
-113.987465 31.604795
-113.998466 31.589326
-113.99266 31.575715
-113.971961 31.577325
-113.967062 31.566887
-114.019066 31.544437
-114.04406 31.542486
-114.040764 31.510827
-114.056962 31.503058
-114.136966 31.506529
-114.216069 31.525717
-114.32177 31.567653
-114.496275 31.688938
-114.54528 31.714209
-114.602381 31.771805
-114.626078 31.774736
-114.69418 31.788123
-114.771087 31.835914
-114.792282 31.837963
-114.860384 31.879952
-114.889789 31.882381
