-92.466435 18.65822
-92.465092 18.657137
-92.46455 18.652129
-92.463009 18.647579
-92.461736 18.641908
-92.461834 18.63852
-92.461002 18.63399
-92.460858 18.6306
-92.46049 18.62719
-92.458911 18.62377
-92.457585 18.620359
-92.455752 18.618059
-92.452548 18.613471
-92.44936 18.60889
-92.445659 18.60543
-92.443819 18.603131
-92.441105 18.59855
-92.438114 18.595112
-92.434879 18.591652
-92.431918 18.587071
-92.43062 18.582521
-92.428791 18.58022
-92.425379 18.574511
-92.423746 18.569993
-92.422519 18.566543
-92.420778 18.560854
-92.419717 18.556312
-92.419337 18.552923
-92.419466 18.548403
-92.419176 18.541624
-92.419038 18.538232
-92.41916 18.533712
-92.419756 18.529213
-92.420329 18.525834
-92.420732 18.520184
-92.421091 18.515674
-92.41878 18.513373
-92.410921 18.513164
-92.131579 18.502636
-92.13096 18.222558
-92.130862 18.218039
-92.131976 18.212429
-92.132426 18.205658
-92.131434 18.198858
-92.130251 18.190931
-92.128831 18.18299
-92.125041 18.17501
-92.122309 18.171559
-92.118235 18.165821
-92.113161 18.161191
-92.110918 18.156621
-92.109881 18.15208
-92.106637 18.14185
-92.105151 18.136174
-92.10364 18.131622
-92.102334 18.128202
-92.098741 18.121353
-92.093644 18.117854
-92.088273 18.115463
-92.084152 18.110863
-92.081627 18.108543
-92.078659 18.105083
-92.075952 18.100513
-92.07245 18.099295
-92.066132 18.096904
-92.061141 18.097903
-92.053771 18.098874
-92.047386 18.098714
-92.04078 18.098563
-92.033957 18.097284
-92.032447 18.092732
-92.03163 18.088195
-92.031272 18.084805
-92.028129 18.079085
-92.023031 18.075585
-92.015615 18.070885
-92.01248 18.065175
-92.009108 18.059455
-92.002424 18.053645
-91.996458 18.047866
-91.991095 18.045486
-91.983609 18.043046
-91.979362 18.042946
-91.976018 18.043997
-91.973212 18.042807
-91.970686 18.040486
-91.967953 18.037037
-91.967588 18.033646
-91.966116 18.027966
-91.96301 18.021117
-91.961538 18.015438
-91.959347 18.009748
-91.95764 18.004059
-91.956121 17.999508
-91.95435 17.996078
-91.948614 17.990298
-91.941739 17.983359
-91.93459 17.977549
-91.931797 17.97636
-91.926006 17.972829
-91.920482 17.968189
-91.913304 17.963499
-91.905415 17.958799
-91.898007 17.9541
-91.891979 17.95057
-91.888027 17.94822
-91.884524 17.94507
-91.881977 17.94278
-91.877696 17.938941
-91.871608 17.944441
-91.844431 17.944901
-91.619869 17.942621
-91.615338 17.94801
-91.613072 17.952511
-91.611385 17.96158
-91.610013 17.968371
-91.607738 17.972878
-91.608296 17.97858
-91.607181 17.984249
-91.606425 17.99447
-91.60599 18.001288
-91.602481 18.008048
-91.599864 18.015959
-91.597835 18.020458
-91.595744 18.027247
-91.59505 18.035196
-91.594317 18.044286
-91.593554 18.054515
-91.590832 18.066975
-91.582508 18.074765
-91.575404 18.081434
-91.56956 18.085874
-91.562075 18.089125
-91.552217 18.092345
-91.544794 18.093325
-91.533532 18.095354
-91.517037 18.097283
-91.498382 18.099163
-91.480485 18.099913
-91.465249 18.099595
-91.4495 18.099254
-91.432661 18.096604
-91.414961 18.090533
-91.397086 18.082174
-91.383068 18.072765
-91.368672 18.067886
-91.346898 18.070816
-91.329647 18.073845
-91.309428 18.072246
-91.302592 18.069816
-91.293437 18.065056
-91.283923 18.056875
-91.27218 18.050925
-91.262392 18.043868
-91.254908 18.039146
-91.252627 18.035688
-91.247629 18.027596
-91.235178 18.021627
-91.224205 18.014538
-91.216532 18.008679
-91.207985 17.999378
-91.196877 17.988879
-91.190864 17.983049
-91.183427 17.97718
-91.169112 17.97003
-91.154479 17.966261
-91.140692 17.9648
-91.128164 17.96223
-91.110289 17.962941
-91.096197 17.963739
-90.969302 17.96291
-90.972455 17.815069
-90.972703 17.803427
-90.979959 17.552249
-90.973763 17.233293
-91.075382 17.235744
-91.418729 17.241913
-91.422038 17.251573
-91.428671 17.270933
-91.426291 17.278752
-91.423346 17.288821
-91.420881 17.298901
-91.418226 17.30785
-91.413832 17.31223
-91.408347 17.314339
-91.40177 17.314161
-91.395039 17.311719
-91.38451 17.3103
-91.380514 17.31696
-91.381183 17.32487
-91.384434 17.33285
-91.388409 17.339718
-91.391264 17.345438
-91.39514 17.348928
-91.40132 17.353609
-91.409086 17.360577
-91.411352 17.369667
-91.413466 17.376486
-91.417693 17.383367
-91.422078 17.385745
-91.426702 17.388126
-91.432974 17.390546
-91.440099 17.388487
-91.444412 17.386356
-91.449424 17.384226
-91.457267 17.382187
-91.46305 17.384607
-91.468575 17.388135
-91.473197 17.390516
-91.478256 17.394025
-91.483345 17.396416
-91.490287 17.399986
-91.494911 17.402375
-91.499175 17.408126
-91.497292 17.414836
-91.494714 17.421535
-91.489783 17.428165
-91.487076 17.431484
-91.483627 17.435893
-91.482062 17.440363
-91.48088 17.447092
-91.483788 17.451693
-91.555222 17.476142
-91.642589 17.503231
-91.640994 17.508821
-91.639354 17.51555
-91.636264 17.523369
-91.634091 17.53233
-91.633159 17.53908
-91.632419 17.546949
-91.632672 17.553729
-91.634281 17.561658
-91.63445 17.570686
-91.63345 17.579677
-91.633458 17.586456
-91.634716 17.590997
-91.637861 17.595586
-91.642139 17.601336
-91.648709 17.609397
-91.651151 17.613986
-91.655704 17.618605
-91.660199 17.625485
-91.661611 17.632296
-91.663975 17.639114
-91.664258 17.644775
-91.66541 17.652694
-91.666372 17.659493
-91.667882 17.664043
-91.669171 17.667453
-91.672009 17.674302
-91.673277 17.678842
-91.674467 17.685643
-91.675206 17.691302
-91.678137 17.695893
-91.681546 17.699363
-91.685277 17.700581
-91.688306 17.701792
-91.691373 17.701862
-91.695608 17.701971
-91.699622 17.702082
-91.704131 17.701061
-91.706762 17.700013
-91.710304 17.700092
-91.715276 17.699091
-91.720693 17.699221
-91.723998 17.699312
-91.728515 17.698292
-91.732557 17.697272
-91.735855 17.697361
-91.740088 17.697452
-91.743835 17.698681
-91.748969 17.699933
-91.754279 17.703461
-91.758644 17.706951
-91.76136 17.710401
-91.763604 17.713851
-91.766022 17.719551
-91.768424 17.725251
-91.770172 17.72981
-91.771707 17.733229
-91.772263 17.73775
-91.773896 17.74569
-91.774848 17.752489
-91.77691 17.761559
-91.778473 17.771748
-91.777709 17.780758
-91.777358 17.784138
-91.778175 17.788667
-91.77971 17.792087
-91.780975 17.796638
-91.78221 17.802307
-91.783409 17.809106
-91.786011 17.815936
-91.787285 17.820497
-91.788079 17.825017
-91.787895 17.830657
-91.786575 17.835146
-91.783326 17.840705
-91.780311 17.846275
-91.779244 17.849796
-91.777931 17.854104
-91.781137 17.857575
-91.784791 17.861055
-91.788719 17.863404
-91.792192 17.865744
-91.795396 17.869203
-91.797631 17.872654
-91.800485 17.879494
-91.802667 17.885192
-91.803224 17.889724
-91.805161 17.895413
-91.809533 17.898902
-91.812921 17.896733
-91.816331 17.893422
-91.819468 17.891243
-91.822611 17.889074
-91.826228 17.886903
-91.830529 17.884744
-91.834596 17.883714
-91.840015 17.883854
-91.84546 17.882864
-91.850429 17.882975
-91.853466 17.884184
-91.857477 17.884273
-91.860736 17.885494
-91.864948 17.886713
-91.869624 17.887963
-91.873645 17.888063
-91.876437 17.889253
-91.880213 17.889343
-91.883014 17.890542
-91.886271 17.891754
-91.889347 17.891824
-91.894039 17.893064
-91.902682 17.895533
-91.905482 17.896724
-91.908512 17.897933
-91.913068 17.895783
-91.916043 17.891343
-91.917865 17.885743
-91.920208 17.879024
-91.921727 17.875673
-91.924711 17.871233
-91.928074 17.869064
-91.931447 17.866884
-91.934788 17.865833
-91.93903 17.865934
-91.94206 17.867135
-91.947186 17.869514
-91.949437 17.872953
-91.951231 17.876384
-91.952023 17.880914
-91.948225 17.888723
-91.944493 17.895402
-91.942426 17.900992
-91.942432 17.907773
-91.945516 17.907843
-91.950948 17.907972
-91.956572 17.909232
-91.963185 17.909391
-91.967665 17.909492
-91.971913 17.909602
-91.976629 17.909713
-92.039252 17.846844
-92.042381 17.844674
-92.048011 17.838025
-92.053413 17.831387
-92.056892 17.825815
-92.059418 17.820236
-92.059349 17.814587
-92.057586 17.810036
-92.053992 17.804317
-92.048554 17.797416
-92.044426 17.792808
-92.042213 17.788248
-92.041367 17.784848
-92.041474 17.781458
-92.043426 17.779248
-92.04798 17.777098
-92.053231 17.774959
-92.05825 17.772818
-92.06466 17.771838
-92.070579 17.770848
-92.076736 17.769858
-92.081932 17.769978
-92.085701 17.770068
-92.089982 17.769038
-92.093065 17.769099
-92.097253 17.77033
-92.103363 17.771597
-92.10972 17.771749
-92.115381 17.771868
-92.11989 17.770848
-92.125368 17.768708
-92.130838 17.767709
-92.136568 17.765579
-92.140138 17.764529
-92.145122 17.763508
-92.151752 17.762538
-92.155589 17.760358
-92.15916 17.759319
-92.163943 17.757169
-92.169201 17.755029
-92.174693 17.752899
-92.180683 17.74964
-92.187145 17.746411
-92.194049 17.744299
-92.19926 17.74329
-92.203983 17.743389
-92.208736 17.742369
-92.218534 17.73806
-92.230847 17.736081
-92.242238 17.73408
-92.254087 17.732081
-92.260007 17.73108
-92.271398 17.72906
-92.276129 17.728039
-92.285154 17.72598
-92.294418 17.723919
-92.302024 17.721831
-92.311079 17.718631
-92.317299 17.715381
-92.324469 17.712161
-92.330689 17.708902
-92.336006 17.704502
-92.340079 17.702331
-92.342766 17.699001
-92.345443 17.69568
-92.34864 17.691231
-92.352571 17.685671
-92.356223 17.681231
-92.358474 17.676773
-92.361496 17.670072
-92.36354 17.664472
-92.365326 17.659994
-92.477772 17.565308
-92.53619 17.521359
-92.592534 17.475102
-92.678848 17.405714
-92.713434 17.378176
-92.717049 17.374865
-92.721597 17.371566
-92.72642 17.367147
-92.730943 17.364967
-92.736383 17.363946
-92.744196 17.361825
-92.753635 17.360876
-92.760487 17.359877
-92.767764 17.360016
-92.776385 17.363556
-92.782885 17.367056
-92.790798 17.370586
-92.794506 17.372907
-92.798679 17.375235
-92.803981 17.379836
-92.807895 17.383296
-92.812046 17.386746
-92.814311 17.390166
-92.81728 17.393605
-92.836851 17.421024
-92.841153 17.427862
-92.846577 17.436973
-92.850607 17.444943
-92.854466 17.450653
-92.858082 17.457482
-92.862593 17.465463
-92.865934 17.4734
-92.868642 17.47797
-92.87042 17.482511
-92.873326 17.488191
-92.877394 17.49616
-92.881254 17.50187
-92.884879 17.507569
-92.890845 17.514439
-92.896369 17.519049
-92.900794 17.52138
-92.90663 17.523729
-92.912025 17.524959
-92.919531 17.526218
-92.926558 17.527458
-92.935012 17.528739
-92.940896 17.528838
-92.94751 17.527828
-92.953369 17.529058
-92.963265 17.529219
-92.97033 17.529348
-92.977182 17.52833
-92.984514 17.527329
-92.990861 17.527429
-92.996987 17.527538
-93.003319 17.528768
-93.009317 17.534498
-93.011584 17.537929
-93.014337 17.541358
-93.016107 17.545897
-93.016688 17.551549
-93.014826 17.560537
-93.013986 17.566167
-93.014291 17.572937
-93.013857 17.581956
-93.013254 17.587577
-93.011713 17.593195
-93.009195 17.599926
-93.007592 17.607796
-93.005702 17.617915
-93.005342 17.623555
-93.004504 17.629174
-93.004616 17.634814
-93.004716 17.640463
-93.004701 17.650604
-93.005205 17.659642
-93.005777 17.665291
-93.006326 17.672062
-93.007114 17.678853
-93.007433 17.685621
-93.007494 17.692402
-93.005854 17.702521
-93.006342 17.71155
-93.006364 17.720579
-93.006136 17.73073
-93.005052 17.736358
-93.004167 17.744239
-93.003717 17.753259
-93.002589 17.761138
-93.000513 17.768998
-92.998491 17.774606
-92.995058 17.790337
-92.993005 17.797085
-92.991404 17.804946
-92.990091 17.810576
-92.988733 17.818445
-92.989251 17.826354
-92.991647 17.835414
-92.992441 17.841075
-92.994204 17.846745
-92.994258 17.854643
-92.995042 17.861432
-92.995325 17.869333
-92.994692 17.876092
-92.994791 17.881743
-92.993905 17.889622
-92.991831 17.897492
-92.990723 17.904241
-92.991067 17.90989
-92.993577 17.913311
-92.997516 17.916772
-93.003795 17.921392
-93.011331 17.921521
-93.016741 17.92273
-93.023837 17.92286
-93.037478 17.925342
-93.046916 17.92549
-93.056133 17.92564
-93.064351 17.92803
-93.071613 17.93041
-93.078885 17.932791
-93.084026 17.935129
-93.089855 17.9386
-93.095235 17.94095
-93.099407 17.944401
-93.104551 17.946739
-93.11109 17.950239
-93.117917 17.95148
-93.125898 17.953859
-93.150305 17.961008
-93.157346 17.963379
-93.162519 17.964599
-93.172942 17.963629
-93.181921 17.963768
-93.18782 17.963858
-93.197273 17.964009
-93.203911 17.96298
-93.212013 17.959708
-93.216552 17.957528
-93.22062 17.955339
-93.227494 17.954309
-93.232712 17.95327
-93.23926 17.95675
-93.244638 17.959088
-93.252152 17.961449
-93.261392 17.960459
-93.268503 17.959449
-93.277765 17.95733
-93.28419 17.955169
-93.29156 17.953019
-93.299434 17.94975
-93.308712 17.9465
-93.315594 17.94547
-93.32175 17.944429
-93.328165 17.943399
-93.333841 17.94235
-93.341191 17.941329
-93.3464 17.940281
-93.354656 17.91895
-93.354747 17.914431
-93.354823 17.911052
-93.354899 17.90767
-93.354992 17.903161
-93.355541 17.898651
-93.355655 17.894132
-93.355488 17.890753
-93.355137 17.885101
-93.358982 17.881762
-93.361621 17.879553
-93.364766 17.876211
-93.367162 17.873991
-93.369137 17.870633
-93.371082 17.867273
-93.372677 17.859393
-93.372533 17.854883
-93.372623 17.850365
-93.372996 17.843603
-93.372853 17.839085
-93.372456 17.835694
-93.37231 17.831174
-93.373127 17.826675
-93.373448 17.822175
-93.375905 17.817685
-93.379085 17.812095
-93.382243 17.807615
-93.384198 17.804266
-93.388531 17.799807
-93.391446 17.796477
-93.394887 17.789746
-93.397335 17.785266
-93.399312 17.780787
-93.400128 17.776287
-93.400891 17.772907
-93.401227 17.768398
-93.402006 17.765028
-93.402784 17.761658
-93.404318 17.756028
-93.406316 17.750419
-93.407346 17.745919
-93.409307 17.742558
-93.411023 17.739198
-93.412518 17.73583
-93.413999 17.73247
-93.415272 17.727979
-93.417767 17.721248
-93.418096 17.71674
-93.41651 17.71333
-93.416647 17.706561
-93.414152 17.70201
-93.411367 17.69971
-93.409054 17.697421
-93.405568 17.695121
-93.400678 17.691671
-93.398831 17.68938
-93.396063 17.687091
-93.393306 17.683672
-93.389356 17.680231
-93.386402 17.674542
-93.385067 17.671141
-93.383014 17.667733
-93.381 17.662052
-93.379994 17.654153
-93.379131 17.649623
-93.379451 17.646244
-93.380246 17.641742
-93.382015 17.636134
-93.384441 17.632784
-93.387996 17.631703
-93.390432 17.628354
-93.392835 17.626134
-93.395687 17.625033
-93.400235 17.621724
-93.403576 17.619514
-93.405796 17.615036
-93.406116 17.610525
-93.404569 17.605985
-93.407018 17.601514
-93.409437 17.598156
-93.412113 17.593695
-93.414287 17.591456
-93.420018 17.588156
-93.425688 17.587105
-93.430424 17.586045
-93.434187 17.586097
-93.438956 17.583907
-93.441817 17.581697
-93.444297 17.576087
-93.446767 17.570476
-93.447088 17.565967
-93.447409 17.562597
-93.447699 17.559217
-93.448714 17.555847
-93.450476 17.550227
-93.45217 17.547997
-93.455085 17.543528
-93.460028 17.543597
-93.463996 17.545908
-93.469808 17.549368
-93.473555 17.550537
-93.478804 17.547228
-93.480497 17.544997
-93.481749 17.541629
-93.482992 17.538268
-93.484466 17.534898
-93.486687 17.530418
-93.488205 17.524799
-93.488975 17.521428
-93.490051 17.514669
-93.4906 17.51129
-93.49021 17.506779
-93.490538 17.50227
-93.489233 17.49661
-93.487205 17.492079
-93.487296 17.487571
-93.487364 17.484191
-93.600473 17.341837
-93.606523 17.344206
-93.611354 17.347686
-93.61384 17.351115
-93.618341 17.357956
-93.621942 17.363656
-93.625101 17.368226
-93.629183 17.373936
-93.630222 17.378466
-93.631709 17.384116
-93.633463 17.388655
-93.636148 17.393206
-93.639492 17.400033
-93.641255 17.404563
-93.644168 17.409133
-93.646672 17.412564
-93.649365 17.417113
-93.650111 17.423884
-93.652538 17.429552
-93.659831 17.437581
-93.662997 17.442163
-93.665698 17.446711
-93.667453 17.45125
-93.669156 17.45804
-93.669933 17.463692
-93.669895 17.47381
-93.667859 17.4794
-93.666499 17.486119
-93.664929 17.491719
-93.664075 17.49733
-93.66319 17.504069
-93.662793 17.50968
-93.663959 17.518719
-93.666363 17.525518
-93.668613 17.528937
-93.671749 17.534638
-93.67445 17.539187
-93.681255 17.548338
-93.686742 17.554067
-93.692189 17.560937
-93.700245 17.567846
-93.706929 17.572495
-93.711041 17.577076
-93.716358 17.580565
-93.721647 17.585175
-93.730574 17.594355
-93.737211 17.601245
-93.742667 17.608104
-93.749304 17.614995
-93.751776 17.619544
-93.754682 17.625224
-93.756933 17.628652
-93.760313 17.634354
-93.76325 17.638914
-93.764516 17.644563
-93.766455 17.651363
-93.76795 17.657022
-93.769096 17.667172
-93.770385 17.671702
-93.769996 17.677323
-93.770781 17.682972
-93.776572 17.686459
-93.784828 17.686632
-93.790168 17.688981
-93.800811 17.68694
-93.807183 17.685932
-93.810379 17.690501
-93.809272 17.696101
-93.811776 17.69954
-93.817634 17.70077
-93.825623 17.700931
-93.826668 17.706579
-93.82866 17.711119
-93.833633 17.710089
-93.843788 17.70916
-93.850519 17.71266
-93.856194 17.711649
-93.862725 17.714019
-93.871698 17.71307
-93.875406 17.715389
-93.878114 17.71995
-93.88109 17.723379
-93.882616 17.727918
-93.88061 17.732379
-93.876734 17.736807
-93.874964 17.741288
-93.878617 17.745858
-93.882571 17.748188
-93.888238 17.747168
-93.895121 17.745049
-93.905475 17.745238
-93.910685 17.744208
-93.916812 17.744328
-93.921551 17.743279
-93.930233 17.744569
-93.937443 17.748088
-93.940876 17.751528
-93.945218 17.757248
-93.947483 17.760668
-93.950901 17.765228
-93.954022 17.772037
-93.955707 17.779956
-93.957097 17.790116
-93.960781 17.793566
-93.964878 17.799265
-93.966413 17.803806
-93.965513 17.811675
-93.963993 17.816156
-93.962453 17.820624
-93.962322 17.826254
-93.966671 17.830843
-93.971737 17.835434
-93.976568 17.840034
-93.98029 17.842354
-93.984594 17.840174
-93.988492 17.834613
-93.995473 17.838123
-94.003507 17.837143
-94.012488 17.836174
-94.020971 17.836324
-94.02445 17.838643
-94.0279 17.842082
-94.030852 17.846643
-94.032857 17.851183
-94.035108 17.855733
-94.036611 17.861392
-94.041243 17.864851
-94.046247 17.862693
-94.053114 17.861682
-94.058792 17.860663
-94.064003 17.859622
-94.071983 17.860892
-94.077773 17.865502
-94.081451 17.868943
-94.080764 17.877941
-94.081986 17.885853
-94.083046 17.890382
-94.085746 17.896051
-94.086493 17.903951
-94.086296 17.911831
-94.087333 17.917481
-94.087411 17.92424
-94.088355 17.9344
-94.087944 17.941149
-94.08757 17.946768
-94.088845 17.95243
-94.089889 17.958078
-94.09034 17.961088
-94.082444 17.963577
-94.081542 17.971449
-94.079284 17.977048
-94.075164 17.981477
-94.066779 17.976826
-94.065933 17.982448
-94.066276 17.988088
-94.06514 17.995947
-94.066855 18.002737
-94.070815 18.005056
-94.075339 18.002886
-94.08174 18.001865
-94.082047 18.008637
-94.08255 18.016524
-94.083344 18.023305
-94.0839 18.028954
-94.081597 18.036795
-94.078864 18.042386
-94.076501 18.052475
-94.080125 18.058174
-94.083824 18.061624
-94.088692 18.065094
-94.093743 18.070813
-94.095054 18.075343
-94.093734 18.080951
-94.092216 18.085423
-94.088594 18.088744
-94.085831 18.095452
-94.088554 18.100011
-94.091768 18.103452
-94.094734 18.108013
-94.096512 18.112542
-94.098023 18.11821
-94.099061 18.123862
-94.099877 18.129502
-94.099502 18.135141
-94.09887 18.141879
-94.094772 18.1452
-94.091561 18.15077
-94.091903 18.156409
-94.093414 18.162079
-94.097291 18.167769
-94.103822 18.171269
-94.10904 18.170229
-94.11361 18.166939
-94.119806 18.164789
-94.125444 18.16602
-94.131472 18.170629
-94.132707 18.178539
-94.134882 18.186457
-94.136842 18.193257
-94.136933 18.198888
-94.13633 18.204518
-94.133897 18.207858
-94.137375 18.210176
-94.142541 18.223155
-94.143893 18.226356
-94.035881 18.256334
-94.032882 18.259454
-93.896769 18.294394
-93.863071 18.296602
-93.861558 18.260105
-93.765518 18.268544
-93.742232 18.278305
-93.740332 18.314102
-93.675229 18.328333
-93.667301 18.317072
-93.578149 18.344221
-93.574052 18.398947
-93.83999 18.302572
-93.837946 18.309001
-93.826195 18.326923
-93.732902 18.368111
-93.549988 18.422228
-93.466065 18.435448
-93.46627 18.431657
-93.40409 18.443197
-93.23652 18.443336
-93.221366 18.449077
-93.221558 18.445827
-93.190514 18.450737
-93.148643 18.445289
-93.154213 18.427628
-93.174553 18.41074
-93.167663 18.391891
-93.145368 18.383109
-93.110655 18.39217
-93.119489 18.3774
-93.117971 18.344683
-93.061687 18.391761
-93.067616 18.407299
-93.116994 18.420788
-93.119161 18.442656
-93.008976 18.435747
-92.982393 18.441949
-92.982654 18.437608
-92.932268 18.441426
-92.831069 18.475125
-92.746935 18.527663
-92.704157 18.593331
-92.683694 18.6107
-92.649163 18.615309
-92.648973 18.61856
-92.628968 18.628339
-92.53713 18.636249
-92.466435 18.65822
