-97.141717 25.950549
-97.138141 25.950844
-97.146624 25.766442
-97.153576 25.755723
-97.168696 25.772973
-97.201871 25.749263
-97.181858 25.734621
-97.182429 25.715035
-97.20335 25.698655
-97.2309 25.702034
-97.263358 25.681014
-97.268164 25.618497
-97.25736 25.618248
-97.236791 25.643895
-97.232794 25.636728
-97.200772 25.643036
-97.182492 25.672015
-97.158351 25.716083
-97.15475 25.715994
-97.15501 25.707283
-97.238523 25.542638
-97.30841 25.428264
-97.369969 25.306728
-97.457292 25.136973
-97.457407 25.133166
-97.503264 25.016146
-97.503626 25.015971
-97.516115 25.009923
-97.527028 25.046624
-97.548963 24.978894
-97.564346 24.906987
-97.593507 24.774972
-97.635673 24.577934
-97.651436 24.542073
-97.657742 24.529068
-97.673505 24.501483
-97.684539 24.401782
-97.706607 24.161789
-97.714094 24.015587
-97.718035 23.915098
-97.735423 23.833411
-97.747985 23.830371
-97.751261 23.841682
-97.739709 23.991943
-97.729857 24.116077
-97.731434 24.145238
-97.738667 24.205182
-97.721213 24.27694
-97.715104 24.332354
-97.718035 24.339912
-97.690844 24.467198
-97.67981 24.490843
-97.658367 24.529397
-97.666805 24.538526
-97.672322 24.550742
-97.64996 24.662147
-97.628974 24.745416
-97.606512 24.789158
-97.589566 24.881372
-97.547893 24.983174
-97.527242 25.047373
-97.518469 25.065669
-97.515366 25.046303
-97.497925 25.103547
-97.46344 25.179788
-97.420014 25.273959
-97.399125 25.314338
-97.390579 25.341925
-97.413941 25.342456
-97.421136 25.386197
-97.401361 25.385747
-97.396853 25.396546
-97.41636 25.406784
-97.444705 25.445012
-97.449205 25.434214
-97.54 25.471093
-97.560704 25.436683
-97.470089 25.349717
-97.462086 25.335378
-97.474276 25.328029
-97.545088 25.369897
-97.539418 25.289699
-97.518017 25.283229
-97.518445 25.267449
-97.538289 25.264619
-97.567434 25.27234
-97.570876 25.301278
-97.606986 25.294979
-97.626321 25.312288
-97.617599 25.348047
-97.637269 25.352286
-97.636863 25.368065
-97.644599 25.370405
-97.66243 25.352817
-97.689585 25.393144
-97.713549 25.393644
-97.71419 25.368605
-97.708795 25.368484
-97.736766 25.353277
-97.722797 25.336106
-97.710534 25.299347
-97.702057 25.302988
-97.715411 25.248798
-97.743182 25.26408
-97.762965 25.26339
-97.795155 25.245529
-97.835333 25.243069
-97.815855 25.231791
-97.759974 25.238821
-97.736604 25.215462
-97.699204 25.22667
-97.699929 25.197803
-97.665176 25.151314
-97.713074 25.151234
-97.731775 25.193572
-97.74506 25.141004
-97.769528 25.119723
-97.753565 25.111755
-97.709428 25.129363
-97.714693 25.086987
-97.697746 25.070827
-97.733522 25.075398
-97.733888 25.060686
-97.706337 25.038327
-97.714572 25.02052
-97.746753 25.024997
-97.742831 25.014029
-97.715112 24.99874
-97.768099 24.958971
-97.803562 24.9755
-97.839581 24.968602
-97.874723 24.9742
-97.888191 24.986449
-97.919844 24.987078
-97.947936 24.96147
-97.891258 24.957639
-97.848187 24.93499
-97.812398 24.932092
-97.695213 24.958541
-97.644127 24.922602
-97.648323 24.922693
-97.664719 24.912131
-97.673531 24.870914
-97.693413 24.864253
-97.728685 24.886783
-97.737535 24.843383
-97.714279 24.770427
-97.725458 24.657322
-97.699631 24.664962
-97.69249 24.640834
-97.713279 24.596585
-97.714464 24.549197
-97.738534 24.491939
-97.754495 24.496079
-97.761888 24.510409
-97.756593 24.556066
-97.821383 24.562296
-97.828365 24.594044
-97.841512 24.592123
-97.845203 24.562777
-97.865146 24.551185
-97.81766 24.322996
-97.79198 24.351344
-97.76748 24.45275
-97.752137 24.423011
-97.7453 24.266997
-97.763474 24.180721
-97.77182 24.155281
-97.763352 24.137113
-97.772142 24.093694
-97.783997 24.093944
-97.809359 24.076484
-97.793228 24.032547
-97.781091 24.043197
-97.781647 23.971808
-97.752983 23.811505
-97.76078 23.807315
-97.78386 23.832865
-97.788117 23.876551
-97.822856 23.837484
-97.815325 23.830234
-97.843455 23.818274
-97.844913 23.807403
-97.864353 23.811603
-97.84759 23.794385
-97.820292 23.796005
-97.793167 23.766555
-97.775718 23.778187
-97.762038 23.756106
-97.749092 23.752566
-97.763221 23.659639
-97.771561 23.633111
-97.772004 23.615131
-97.767355 23.587234
-97.767828 23.568165
-97.764321 23.542476
-97.757056 23.524885
-97.754996 23.536284
-97.752897 23.549865
-97.747688 23.569384
-97.744048 23.597114
-97.740835 23.655359
-97.732351 23.711877
-97.731711 23.737477
-97.722555 23.748197
-97.713531 23.753996
-97.709762 23.739199
-97.715871 23.683732
-97.724241 23.63267
-97.735541 23.534796
-97.758086 23.458398
-97.760421 23.291105
-97.776229 23.17533
-97.768468 22.912972
-97.797943 22.813283
-97.839782 22.759637
-97.885338 22.646642
-97.882134 22.607881
-97.853509 22.676519
-97.84571 22.658371
-97.854767 22.498856
-97.831526 22.341405
-97.790715 22.260436
-97.780385 22.22139
-97.913384 22.243008
-97.914742 22.254337
-97.92151 22.261146
-97.932695 22.265726
-97.935504 22.279316
-97.937859 22.288394
-97.942658 22.297466
-97.950372 22.308814
-97.960587 22.311114
-97.968355 22.317933
-97.977564 22.324754
-97.985819 22.329312
-98.005321 22.331644
-98.014063 22.336194
-98.025309 22.333973
-98.039463 22.334013
-98.053167 22.329524
-98.067243 22.338622
-98.072073 22.345423
-98.085248 22.347722
-98.093496 22.352272
-98.100736 22.363621
-98.106544 22.370431
-98.115768 22.377253
-98.125479 22.384061
-98.136658 22.390882
-98.150817 22.390909
-98.161529 22.39547
-98.170288 22.40001
-98.177566 22.40682
-98.181886 22.41815
-98.187692 22.427227
-98.184686 22.436278
-98.188051 22.445338
-98.195908 22.43856
-98.205651 22.443109
-98.219317 22.443138
-98.226633 22.447678
-98.23395 22.447698
-98.245699 22.443178
-98.252618 22.429609
-98.265803 22.429629
-98.278965 22.434179
-98.29115 22.438718
-98.302891 22.436479
-98.30347 22.420619
-98.307439 22.409308
-98.310429 22.400251
-98.312474 22.384401
-98.315944 22.375341
-98.329641 22.370832
-98.340405 22.366311
-98.343258 22.377642
-98.355 22.375391
-98.365286 22.368601
-98.378446 22.373142
-98.375456 22.384462
-98.372976 22.393521
-98.376333 22.402581
-98.387639 22.389
-98.393531 22.382211
-98.404257 22.38675
-98.415953 22.38902
-98.422736 22.400339
-98.427581 22.407139
-98.436415 22.400351
-98.443772 22.39356
-98.457428 22.3981
-98.465188 22.407159
-98.479317 22.413959
-98.493996 22.409428
-98.501344 22.4049
-98.512591 22.400369
-98.521411 22.395831
-98.530688 22.39357
-98.544375 22.3913
-98.557553 22.3913
-98.571231 22.393559
-98.586346 22.39355
-98.597079 22.39808
-98.610736 22.40259
-98.618542 22.40712
-98.6283 22.40937
-98.635648 22.40484
-98.63909 22.395768
-98.6396 22.388978
-98.645978 22.379921
-98.659178 22.375372
-98.678725 22.37309
-98.701675 22.3708
-98.717285 22.373031
-98.73487 22.373011
-98.749519 22.368461
-98.770548 22.361631
-98.782267 22.359341
-98.797402 22.357052
-98.813524 22.35248
-98.825724 22.35246
-98.851604 22.35467
-98.868694 22.3569
-98.879414 22.359129
-98.896016 22.361362
-98.910664 22.363579
-98.931661 22.36805
-98.949233 22.3748
-98.952163 22.37252
-98.961929 22.374761
-98.974143 22.376989
-98.993178 22.3792
-99.002936 22.381429
-99.017593 22.38364
-99.035164 22.383589
-99.05031 22.3858
-99.074724 22.3857
-99.091334 22.383378
-99.105014 22.383329
-99.123071 22.38325
-99.149943 22.383149
-99.175336 22.383029
-99.185102 22.387518
-99.191952 22.396548
-99.199284 22.403307
-99.206127 22.414607
-99.2125 22.425897
-99.21691 22.439468
-99.223754 22.450766
-99.233052 22.466567
-99.241376 22.480125
-99.24581 22.495956
-99.266357 22.513973
-99.26979 22.523023
-99.274201 22.532054
-99.27861 22.541091
-99.285476 22.550122
-99.292337 22.561413
-99.297738 22.570441
-99.304101 22.579471
-99.309005 22.58623
-99.314401 22.59527
-99.321268 22.6043
-99.32715 22.61333
-99.33011 22.622368
-99.334544 22.631409
-99.340913 22.638168
-99.346787 22.644938
-99.359506 22.649387
-99.374698 22.651578
-99.394275 22.653728
-99.410916 22.651367
-99.420712 22.653567
-99.428058 22.658057
-99.43398 22.673876
-99.466336 22.689537
-99.473682 22.694027
-99.48007 22.700776
-99.493307 22.707486
-99.501662 22.716506
-99.511962 22.723235
-99.528106 22.716336
-99.531005 22.707255
-99.52754 22.695945
-99.525062 22.684637
-99.524047 22.673307
-99.517662 22.666558
-99.513227 22.657527
-99.508796 22.648498
-99.507278 22.632649
-99.514571 22.623539
-99.52876 22.621179
-99.543457 22.623347
-99.554718 22.627807
-99.563552 22.632278
-99.57335 22.634468
-99.587059 22.638908
-99.597855 22.643366
-99.609125 22.647818
-99.620896 22.654525
-99.643403 22.656627
-99.655184 22.663335
-99.667436 22.665507
-99.680202 22.669946
-99.695856 22.669817
-99.707653 22.678795
-99.719905 22.683226
-99.724827 22.689986
-99.739063 22.694405
-99.755727 22.698805
-99.766506 22.700977
-99.781202 22.700854
-99.797842 22.698455
-99.816483 22.705096
-99.829742 22.711783
-99.840063 22.718484
-99.850861 22.722924
-99.86705 22.727314
-99.886667 22.731665
-99.901361 22.731533
-99.917032 22.731393
-99.931269 22.735793
-99.948938 22.740162
-99.960237 22.746862
-99.973978 22.748993
-99.988719 22.755652
-99.997066 22.760092
-100.007449 22.77133
-100.011845 22.775641
-100.018446 22.782102
-100.023252 22.789302
-100.029247 22.802841
-100.031049 22.81324
-100.032446 22.820939
-100.03195 22.824041
-100.03095 22.834529
-100.02165 22.852538
-100.014951 22.861879
-100.001248 22.871068
-99.981702 22.878047
-99.96323 22.881307
-99.953296 22.887346
-99.948444 22.890276
-99.943187 22.893418
-99.939417 22.898598
-99.930712 22.905968
-99.928508 22.908547
-99.923853 22.915526
-99.919352 22.921776
-99.914004 22.929195
-99.909577 22.940576
-99.906619 22.951956
-99.903642 22.961055
-99.902161 22.981512
-99.903627 22.992873
-99.908074 23.001931
-99.910884 23.004761
-99.914933 23.008761
-99.918032 23.010723
-99.923487 23.014212
-99.932216 23.01666
-99.940541 23.020031
-99.95052 23.027631
-99.95364 23.030002
-99.958453 23.033091
-99.961436 23.039091
-99.965244 23.0414
-99.968708 23.046351
-99.972774 23.052158
-99.97405 23.05746
-99.982883 23.069889
-99.990277 23.08351
-99.994694 23.09486
-99.994963 23.107269
-100.001051 23.118016
-100.005345 23.124768
-100.023251 23.133666
-100.032554 23.129047
-100.04035 23.122177
-100.055954 23.112958
-100.066749 23.110589
-100.084953 23.112667
-100.091452 23.128458
-100.089553 23.139807
-100.088249 23.155685
-100.087853 23.167016
-100.085052 23.185164
-100.085151 23.196494
-100.084748 23.212352
-100.092652 23.221343
-100.092255 23.232674
-100.089453 23.244032
-100.085548 23.255393
-100.082749 23.269021
-100.08625 23.280312
-100.092652 23.287051
-100.103555 23.29147
-100.113449 23.298162
-100.042053 23.364577
-99.989834 23.353748
-99.979551 23.360637
-99.967725 23.358488
-99.956867 23.354057
-99.944051 23.349648
-99.930248 23.347508
-99.91499 23.345377
-99.900699 23.343239
-99.911289 23.383916
-99.947041 23.505941
-99.9305 23.540082
-99.842273 23.713015
-99.836924 23.724383
-99.832048 23.733493
-99.821214 23.738115
-99.806925 23.742752
-99.792115 23.742874
-99.773864 23.745292
-99.753624 23.745454
-99.733902 23.747874
-99.723557 23.750213
-99.706283 23.752613
-99.68704 23.752744
-99.667287 23.752894
-99.644048 23.744003
-99.608516 23.741984
-99.576908 23.735405
-99.531176 23.783271
-99.524354 23.79056
-99.473595 23.844791
-99.451835 23.833592
-99.453446 23.878889
-99.455476 23.896986
-99.457984 23.910576
-99.461479 23.919617
-99.46792 23.926366
-99.475336 23.930855
-99.482757 23.935336
-99.492165 23.939816
-99.505044 23.951056
-99.513467 23.955546
-99.526345 23.962256
-99.607983 23.999074
-99.699652 24.053571
-99.690124 24.076212
-99.57359 24.34559
-99.603444 24.409079
-99.614553 24.456655
-99.62834 24.474804
-99.723191 24.461344
-99.730852 24.515714
-99.726296 24.533832
-99.578847 24.606081
-99.562024 24.599251
-99.551617 24.59244
-99.535312 24.581072
-99.523349 24.587841
-99.511356 24.596871
-99.50336 24.60365
-99.494388 24.60815
-99.488369 24.617201
-99.485812 24.626249
-99.483705 24.642098
-99.478151 24.655679
-99.473117 24.664718
-99.466091 24.673768
-99.455066 24.685059
-99.446077 24.691818
-99.429139 24.696307
-99.415201 24.698527
-99.402253 24.700748
-99.389793 24.705236
-99.373337 24.711978
-99.367301 24.718755
-99.362288 24.725526
-99.350777 24.734546
-99.340796 24.739045
-99.330847 24.741275
-99.316352 24.748014
-99.307837 24.757045
-99.302297 24.763815
-99.295751 24.772854
-99.28771 24.781874
-99.28069 24.788644
-99.178943 24.765564
-99.162013 24.767744
-99.194004 24.85622
-99.15459 24.91717
-99.161471 24.978345
-99.149928 24.987346
-99.140863 24.996367
-99.142732 25.009955
-99.135692 25.016714
-99.122232 25.016656
-99.110749 25.018856
-99.097748 25.023315
-99.084687 25.034575
-99.077142 25.041324
-99.066102 25.048064
-99.059051 25.054814
-99.053978 25.063845
-99.050362 25.075144
-99.045311 25.081913
-99.036286 25.086383
-99.021803 25.088574
-99.012884 25.083992
-99.007011 25.074905
-99.003653 25.061304
-98.99623 25.056734
-98.994384 25.043135
-98.98448 25.038555
-98.974524 25.036224
-98.962521 25.040685
-98.950581 25.038347
-98.938076 25.042796
-98.914944 25.060775
-98.419059 25.416812
-98.421423 25.45758
-98.575259 25.468009
-98.575245 25.608355
-98.57481 25.99078
-98.724085 26.014609
-98.799725 26.028749
-98.894079 25.947943
-99.001672 26.066268
-99.009278 26.059517
-99.023287 26.064127
-99.031892 26.059647
-99.040034 26.048377
-99.050608 26.046177
-99.06274 26.03946
-99.073742 26.044039
-99.084253 26.046368
-99.095378 26.039638
-99.106954 26.03744
-99.120495 26.039758
-99.170317 26.236841
-99.240074 26.25301
-99.337115 26.319008
-99.383618 26.296549
-99.413037 26.330586
-99.411352 26.353197
-99.39195 26.511471
-99.388349 26.583827
-99.526575 26.654356
-99.641125 26.656894
-99.632002 26.663656
-99.623876 26.670423
-99.612195 26.681704
-99.603039 26.692992
-99.596896 26.706543
-99.596822 26.717852
-99.597239 26.731422
-99.595639 26.744981
-99.59254 26.754021
-99.588954 26.763061
-99.5798 26.772091
-99.57217 26.781111
-99.567067 26.78788
-99.566989 26.799189
-99.565387 26.81275
-99.568867 26.821808
-99.574825 26.83764
-99.583386 26.842189
-99.598546 26.842218
-99.605076 26.849019
-99.6126 26.858079
-99.621166 26.862617
-99.632245 26.869427
-99.644872 26.871706
-99.655515 26.864947
-99.66509 26.871747
-99.673164 26.876286
-99.67926 26.869518
-99.692368 26.874057
-99.701033 26.865028
-99.710578 26.874076
-99.722702 26.876365
-99.731324 26.871858
-99.739945 26.867348
-99.744515 26.862825
-99.742218 26.912565
-99.709381 26.907994
-99.635595 27.06386
-99.734734 27.271962
-99.741032 27.423378
-99.904366 27.464196
-99.907646 27.534224
-99.714685 27.6589
-99.711173 27.657963
-99.701044 27.65526
-99.668442 27.646559
-99.66399 27.641167
-99.655668 27.63109
-99.648567 27.622491
-99.611901 27.62924
-99.576158 27.613981
-99.560508 27.607299
-99.53784 27.597622
-99.536177 27.595425
-99.519542 27.573444
-99.51382 27.565883
-99.513418 27.559254
-99.510754 27.515325
-99.488956 27.503164
-99.487533 27.494821
-99.482947 27.46792
-99.472438 27.406287
-99.490688 27.35592
-99.518024 27.307791
-99.510785 27.304377
-99.498057 27.298373
-99.491812 27.281472
-99.483735 27.259612
-99.482738 27.256914
-99.454135 27.257733
-99.441526 27.234991
-99.438074 27.228766
-99.436584 27.214029
-99.430906 27.157855
-99.429932 27.148227
-99.431015 27.134538
-99.432052 27.121415
-99.433897 27.098085
-99.435423 27.07879
-99.437836 27.048273
-99.429155 27.010139
-99.426299 26.997594
-99.391062 26.95192
-99.376157 26.932599
-99.334973 26.879217
-99.34162 26.78791
-99.349667 26.773321
-99.361792 26.77344
-99.345784 26.747171
-99.330021 26.747011
-99.301006 26.787492
-99.297001 26.816279
-99.29157 26.81404
-99.264895 26.76916
-99.265186 26.747402
-99.246637 26.731424
-99.244571 26.704753
-99.236841 26.694875
-99.223634 26.641966
-99.24132 26.632367
-99.269626 26.642474
-99.277544 26.638755
-99.277729 26.625696
-99.240854 26.576877
-99.171436 26.543514
-99.158546 26.537319
-99.156768 26.53513
-99.145111 26.528679
-99.115348 26.512208
-99.107565 26.507901
-99.105057 26.500246
-99.094282 26.467368
-99.092527 26.462012
-99.093014 26.428284
-99.090524 26.408962
-99.089222 26.398864
-99.061038 26.384364
-99.01358 26.394356
-98.97558 26.402356
-98.974197 26.401137
-98.953818 26.383191
-98.939835 26.370875
-98.936375 26.370829
-98.903595 26.370396
-98.900208 26.369401
-98.873154 26.361445
-98.851292 26.355016
-98.823523 26.354637
-98.755491 26.306303
-98.739203 26.294731
-98.715935 26.278201
-98.697528 26.265123
-98.678687 26.251737
-98.656069 26.235669
-98.649994 26.231352
-98.590056 26.241352
-98.579615 26.234479
-98.578126 26.233498
-98.557882 26.220172
-98.518201 26.212484
-98.498569 26.198024
-98.443863 26.200116
-98.438197 26.200332
-98.429979 26.194023
-98.421734 26.187694
-98.416225 26.183465
-98.403158 26.173433
-98.399123 26.170335
-98.39084 26.163977
-98.385314 26.159734
-98.370984 26.157544
-98.356349 26.155306
-98.348974 26.154179
-98.34143 26.153026
-98.333334 26.141609
-98.315086 26.115876
-98.307033 26.10452
-98.30648 26.10374
-98.305096 26.101788
-98.304372 26.102292
-98.299227 26.105868
-98.289806 26.112417
-98.270845 26.10635
-98.264653 26.104368
-98.241138 26.076189
-98.238793 26.075437
-98.20304 26.063972
-98.189681 26.059688
-98.149551 26.04682
-98.084267 26.05652
-98.070117 26.049798
-98.062554 26.046205
-98.04015 26.035561
-97.979519 26.062046
-97.976832 26.063219
-97.952395 26.062273
-97.951706 26.062429
-97.949028 26.062288
-97.948331 26.062116
-97.936825 26.06167
-97.929655 26.061392
-97.904116 26.060403
-97.871314 26.059133
-97.86834 26.059018
-97.861892 26.058768
-97.835327 26.05774
-97.827254 26.053403
-97.816351 26.047545
-97.811681 26.045037
-97.807967 26.043041
-97.797807 26.040987
-97.769846 26.035335
-97.763298 26.034012
-97.752228 26.031774
-97.749001 26.031121
-97.743216 26.029952
-97.720753 26.025411
-97.71694 26.02464
-97.692919 26.019784
-97.691014 26.019399
-97.68806 26.018802
-97.633675 25.994133
-97.632683 25.993683
-97.627509 25.988658
-97.608246 25.969947
-97.608536 25.969267
-97.609665 25.968155
-97.610184 25.967026
-97.609825 25.965891
-97.608841 25.964531
-97.606728 25.962929
-97.604996 25.962011
-97.603638 25.960531
-97.603546 25.960371
-97.60218 25.958031
-97.601303 25.957235
-97.599449 25.956541
-97.598198 25.95686
-97.597191 25.957531
-97.596678 25.958711
-97.577904 25.940475
-97.571691 25.93444
-97.566991 25.929875
-97.562765 25.92577
-97.561041 25.924096
-97.533113 25.910405
-97.501455 25.894885
-97.496537 25.892474
-97.47708 25.882936
-97.472946 25.880909
-97.467259 25.878121
-97.455706 25.872458
-97.452893 25.871079
-97.451584 25.869297
-97.447356 25.863543
-97.43706 25.849529
-97.429698 25.839508
-97.404971 25.837674
-97.404786 25.837661
-97.37684 25.835588
-97.37519 25.840057
-97.369963 25.854215
-97.367946 25.859678
-97.360424 25.880057
-97.358096 25.886362
-97.357045 25.889208
-97.347536 25.914967
-97.331424 25.919735
-97.324803 25.921695
-97.308694 25.926463
-97.305806 25.927317
-97.303216 25.928084
-97.303827 25.929265
-97.303749 25.930948
-97.304283 25.933151
-97.304184 25.935635
-97.303658 25.936989
-97.302467 25.937597
-97.300903 25.93775
-97.298859 25.937155
-97.2985 25.936073
-97.298149 25.934383
-97.297089 25.933636
-97.29567 25.933449
-97.294411 25.934111
-97.293457 25.935406
-97.292442 25.93623
-97.290695 25.93655
-97.287567 25.936401
-97.284767 25.936201
-97.282578 25.93589
-97.279289 25.93523
-97.277428 25.934984
-97.276482 25.935591
-97.276154 25.936888
-97.276938 25.939397
-97.141717 25.950549
