-98.566464 19.647137
-98.564093 19.641497
-98.561246 19.638117
-98.557179 19.632479
-98.553395 19.625717
-98.550053 19.622337
-98.54697 19.618958
-98.543392 19.614448
-98.540769 19.61108
-98.536725 19.607699
-98.533155 19.605448
-98.525043 19.603209
-98.520039 19.60096
-98.508579 19.600979
-98.502384 19.599848
-98.494273 19.599859
-98.483524 19.59988
-98.476817 19.602148
-98.469888 19.604418
-98.463678 19.607809
-98.453173 19.607808
-98.446009 19.606699
-98.435761 19.604459
-98.428109 19.604458
-98.424281 19.60672
-98.418305 19.608978
-98.411149 19.608999
-98.405174 19.607869
-98.399942 19.60561
-98.390395 19.60337
-98.383477 19.60337
-98.377015 19.604498
-98.369376 19.60677
-98.364335 19.612409
-98.360259 19.618047
-98.355704 19.622567
-98.349701 19.629337
-98.346343 19.633856
-98.342254 19.639498
-98.338409 19.645137
-98.332901 19.650787
-98.328093 19.656438
-98.324966 19.660947
-98.322571 19.664327
-98.319189 19.673358
-98.316069 19.676736
-98.312934 19.681256
-98.308844 19.686906
-98.304044 19.692546
-98.299245 19.697054
-98.294446 19.701565
-98.288915 19.707216
-98.281018 19.710594
-98.274359 19.707214
-98.267424 19.706084
-98.261465 19.704945
-98.256451 19.703826
-98.251684 19.702695
-98.243794 19.701565
-98.238781 19.700435
-98.231877 19.697056
-98.226871 19.694794
-98.219966 19.692534
-98.208011 19.692525
-98.204014 19.682376
-98.19807 19.676726
-98.191889 19.672217
-98.186161 19.668825
-98.17998 19.666568
-98.172816 19.664295
-98.165674 19.662038
-98.156856 19.658646
-98.151125 19.657508
-98.14541 19.656376
-98.139445 19.655248
-98.12964 19.656357
-98.121048 19.657488
-98.112199 19.659738
-98.100937 19.663109
-98.094963 19.665357
-98.084428 19.669858
-98.077476 19.673225
-98.071022 19.675476
-98.064078 19.678856
-98.058791 19.683356
-98.055892 19.687866
-98.052757 19.691245
-98.049155 19.694626
-98.044143 19.696877
-98.040327 19.693484
-98.034393 19.688954
-98.029167 19.684447
-98.025382 19.678797
-98.022795 19.672016
-98.020956 19.661857
-98.018142 19.653957
-98.011275 19.644927
-98.005607 19.638137
-98.001104 19.633617
-97.994924 19.627969
-97.990179 19.624568
-97.985182 19.62231
-97.978757 19.618919
-97.972089 19.616649
-97.96613 19.615498
-97.960873 19.614361
-97.953503 19.612088
-97.947787 19.609818
-97.940662 19.60642
-97.933056 19.601891
-97.926402 19.596239
-97.917407 19.587201
-97.909358 19.579271
-97.902018 19.572491
-97.895365 19.566831
-97.887294 19.562301
-97.877536 19.558892
-97.869937 19.554352
-97.863763 19.549832
-97.860001 19.543052
-97.859117 19.534031
-97.860406 19.523873
-97.862572 19.519373
-97.865716 19.514874
-97.868844 19.511495
-97.871972 19.508124
-97.874651 19.501356
-97.870897 19.494575
-97.862817 19.490044
-97.857584 19.487775
-97.853791 19.485516
-97.849053 19.480985
-97.844811 19.474204
-97.843194 19.468564
-97.840402 19.459528
-97.834709 19.454997
-97.827326 19.454975
-97.822281 19.459477
-97.816826 19.456076
-97.80819 19.463655
-97.804567 19.465877
-97.798302 19.468046
-97.789901 19.469066
-97.784622 19.470115
-97.776251 19.469995
-97.771498 19.468797
-97.765532 19.467587
-97.761519 19.465256
-97.756042 19.464047
-97.750838 19.461707
-97.748274 19.458288
-97.745207 19.455978
-97.740478 19.453638
-97.73574 19.451306
-97.730817 19.446717
-97.725438 19.440977
-97.723119 19.437548
-97.7208 19.434129
-97.718054 19.428417
-97.715252 19.424989
-97.711735 19.421538
-97.708784 19.414708
-97.70625 19.410147
-97.701177 19.40102
-97.697432 19.397578
-97.691632 19.389571
-97.687229 19.382711
-97.682546 19.37812
-97.675001 19.373481
-97.669529 19.37227
-97.663105 19.371042
-97.65691 19.369821
-97.651705 19.36748
-97.642489 19.362812
-97.637035 19.36047
-97.632121 19.355862
-97.62553 19.351242
-97.621569 19.346661
-97.618327 19.34208
-97.615078 19.337502
-97.611887 19.330673
-97.611301 19.325003
-97.611918 19.318223
-97.614214 19.311474
-97.616678 19.308113
-97.621966 19.302283
-97.62466 19.299304
-97.629795 19.298134
-97.636339 19.293704
-97.640445 19.291505
-97.644322 19.289294
-97.649357 19.288243
-97.654659 19.286064
-97.662122 19.283913
-97.670002 19.284033
-97.677876 19.284155
-97.683078 19.286485
-97.690443 19.288853
-97.695661 19.290064
-97.700887 19.291273
-97.71047 19.290284
-97.719106 19.288143
-97.724652 19.285964
-97.730443 19.283783
-97.734296 19.281574
-97.741079 19.277155
-97.745688 19.273823
-97.749801 19.271615
-97.755073 19.270564
-97.762 19.270664
-97.767188 19.272993
-97.77262 19.276476
-97.779219 19.281095
-97.78511 19.284565
-97.791518 19.286914
-97.796731 19.289254
-97.801719 19.290454
-97.81292 19.295914
-97.816507 19.293673
-97.820572 19.291425
-97.824647 19.289184
-97.828233 19.286934
-97.83017 19.282433
-97.832581 19.279054
-97.834991 19.275683
-97.837639 19.271184
-97.84147 19.268934
-97.84388 19.265554
-97.847246 19.262185
-97.846094 19.256546
-97.844705 19.252027
-97.841897 19.247516
-97.839539 19.241866
-97.837914 19.237345
-97.840814 19.232846
-97.838037 19.223817
-97.83783 19.218177
-97.837883 19.212537
-97.839113 19.208036
-97.840812 19.203527
-97.844637 19.201276
-97.848237 19.197919
-97.850662 19.192279
-97.853074 19.187778
-97.856706 19.181018
-97.858874 19.17652
-97.860582 19.172009
-97.861099 19.16525
-97.862352 19.15848
-97.863824 19.15285
-97.865778 19.14722
-97.86866 19.142721
-97.871782 19.139341
-97.875361 19.137101
-97.880136 19.134851
-97.88894 19.13375
-97.897746 19.13377
-97.903666 19.13717
-97.90912 19.140559
-97.913112 19.146211
-97.918789 19.15299
-97.922777 19.15863
-97.926318 19.163149
-97.931505 19.167679
-97.937197 19.171067
-97.942424 19.172209
-97.948803 19.176728
-97.95451 19.180127
-97.958293 19.182387
-97.96159 19.185778
-97.966343 19.186918
-97.971326 19.190309
-97.975339 19.193698
-97.982435 19.199347
-97.985974 19.203858
-97.988568 19.207257
-97.993307 19.211778
-97.9978 19.215157
-98.002507 19.223065
-98.008459 19.223067
-98.013448 19.224216
-98.017254 19.224216
-98.07376 19.172429
-98.077118 19.16792
-98.080961 19.163419
-98.0848 19.158909
-98.087669 19.155529
-98.09198 19.152159
-98.099853 19.147649
-98.104392 19.144281
-98.10846 19.140888
-98.115158 19.13526
-98.120644 19.13189
-98.126382 19.127392
-98.130921 19.124
-98.138078 19.119502
-98.143571 19.116131
-98.149308 19.11161
-98.154321 19.10824
-98.160051 19.10486
-98.165528 19.102612
-98.170763 19.101481
-98.175271 19.104873
-98.17811 19.108252
-98.180223 19.112769
-98.182093 19.117281
-98.191592 19.121791
-98.196102 19.12405
-98.203454 19.127428
-98.209864 19.128561
-98.215082 19.130821
-98.220308 19.131949
-98.229816 19.136461
-98.255435 19.150001
-98.2737 19.157889
-98.283452 19.160148
-98.287962 19.1624
-98.293896 19.165778
-98.299353 19.169169
-98.306943 19.174798
-98.311933 19.177049
-98.315489 19.180427
-98.319753 19.183818
-98.322828 19.187198
-98.326398 19.189448
-98.330413 19.193956
-98.336332 19.200719
-98.340369 19.205236
-98.343442 19.208606
-98.346755 19.213117
-98.349593 19.216498
-98.352195 19.221016
-98.356215 19.226645
-98.359298 19.230024
-98.360709 19.234546
-98.364966 19.240176
-98.368048 19.244683
-98.37207 19.250314
-98.375625 19.254825
-98.380607 19.259333
-98.383911 19.264973
-98.388192 19.268354
-98.3908 19.271733
-98.39412 19.275115
-98.396478 19.278494
-98.40194 19.284123
-98.404778 19.287514
-98.408097 19.292012
-98.412126 19.297651
-98.41568 19.301032
-98.419465 19.307791
-98.422081 19.312303
-98.425386 19.317942
-98.428468 19.322442
-98.430824 19.326961
-98.433443 19.33147
-98.43628 19.335982
-98.438646 19.34048
-98.445535 19.34612
-98.449327 19.35062
-98.452891 19.354
-98.4555 19.35739
-98.458339 19.364149
-98.466662 19.369779
-98.477578 19.381038
-98.485629 19.397947
-98.488948 19.402447
-98.491084 19.406967
-98.493197 19.412599
-98.496531 19.418238
-98.501018 19.426127
-98.504353 19.432897
-98.507671 19.437396
-98.511471 19.441898
-98.515033 19.446405
-98.517879 19.452044
-98.52312 19.454283
-98.528119 19.456535
-98.536702 19.456526
-98.546491 19.455376
-98.552929 19.455365
-98.558652 19.454235
-98.564373 19.451955
-98.569859 19.450824
-98.573681 19.448555
-98.581319 19.445166
-98.587781 19.441755
-98.596831 19.440615
-98.601843 19.441725
-98.608527 19.443975
-98.614241 19.446215
-98.618994 19.449584
-98.624473 19.451825
-98.631141 19.458585
-98.636374 19.463083
-98.643882 19.464984
-98.646613 19.467564
-98.650183 19.474334
-98.653265 19.481095
-98.657783 19.488973
-98.662307 19.495732
-98.667068 19.502492
-98.671822 19.508123
-98.678481 19.512622
-98.684685 19.519361
-98.689447 19.524992
-98.693726 19.532882
-98.696336 19.54302
-98.697504 19.550922
-98.700356 19.55768
-98.702737 19.56332
-98.712288 19.56554
-98.720162 19.566652
-98.727319 19.571139
-98.725397 19.57679
-98.72085 19.579059
-98.715844 19.580208
-98.708917 19.581349
-98.699358 19.583638
-98.693879 19.584778
-98.688149 19.58592
-98.682152 19.58819
-98.675727 19.59047
-98.670937 19.592739
-98.664253 19.593879
-98.658753 19.597288
-98.652534 19.600679
-98.647284 19.601818
-98.637253 19.602978
-98.629141 19.602999
-98.622451 19.603008
-98.615056 19.603029
-98.606681 19.605298
-98.600471 19.606439
-98.591153 19.612098
-98.586842 19.615498
-98.584203 19.61889
-98.579175 19.624539
-98.575591 19.629067
-98.572951 19.632447
-98.571263 19.636969
-98.569585 19.641486
-98.566464 19.647137
