-98.6396 22.388978
-98.63909 22.395768
-98.635648 22.40484
-98.6283 22.40937
-98.618542 22.40712
-98.610736 22.40259
-98.597079 22.39808
-98.586346 22.39355
-98.571231 22.393559
-98.557553 22.3913
-98.544375 22.3913
-98.530688 22.39357
-98.521411 22.395831
-98.512591 22.400369
-98.501344 22.4049
-98.493996 22.409428
-98.479317 22.413959
-98.465188 22.407159
-98.457428 22.3981
-98.443772 22.39356
-98.436415 22.400351
-98.427581 22.407139
-98.422736 22.400339
-98.415953 22.38902
-98.404257 22.38675
-98.393531 22.382211
-98.387639 22.389
-98.376333 22.402581
-98.372976 22.393521
-98.375456 22.384462
-98.378446 22.373142
-98.365286 22.368601
-98.355 22.375391
-98.343258 22.377642
-98.340405 22.366311
-98.329641 22.370832
-98.315944 22.375341
-98.312474 22.384401
-98.310429 22.400251
-98.307439 22.409308
-98.30347 22.420619
-98.302891 22.436479
-98.29115 22.438718
-98.278965 22.434179
-98.265803 22.429629
-98.252618 22.429609
-98.245699 22.443178
-98.23395 22.447698
-98.226633 22.447678
-98.219317 22.443138
-98.205651 22.443109
-98.195908 22.43856
-98.188051 22.445338
-98.184686 22.436278
-98.187692 22.427227
-98.181886 22.41815
-98.177566 22.40682
-98.170288 22.40001
-98.161529 22.39547
-98.150817 22.390909
-98.136658 22.390882
-98.125479 22.384061
-98.115768 22.377253
-98.106544 22.370431
-98.100736 22.363621
-98.093496 22.352272
-98.085248 22.347722
-98.072073 22.345423
-98.067243 22.338622
-98.053167 22.329524
-98.039463 22.334013
-98.025309 22.333973
-98.014063 22.336194
-98.005321 22.331644
-97.985819 22.329312
-97.977564 22.324754
-97.968355 22.317933
-97.960587 22.311114
-97.950372 22.308814
-97.942658 22.297466
-97.937859 22.288394
-97.935504 22.279316
-97.932695 22.265726
-97.92151 22.261146
-97.914742 22.254337
-97.913384 22.243008
-97.780385 22.22139
-97.77622 22.205619
-97.6708 21.94995
-97.566322 21.786877
-97.319916 21.580615
-97.317687 21.512998
-97.343863 21.450411
-97.376052 21.400503
-97.399865 21.380354
-97.421944 21.294237
-97.432634 21.307567
-97.440836 21.349165
-97.369309 21.521307
-97.370744 21.554037
-97.391023 21.579585
-97.52329 21.691631
-97.52319 21.695442
-97.583 21.750737
-97.635093 21.836905
-97.686784 21.941571
-97.761594 22.060345
-97.78288 22.147992
-97.789189 22.15303
-97.787586 22.122481
-97.721423 21.95812
-97.698367 21.779966
-97.678934 21.6929
-97.567709 21.482289
-97.552189 21.474859
-97.497707 21.4878
-97.486643 21.46574
-97.492068 21.414103
-97.493435 21.405963
-97.448449 21.303029
-97.388945 21.115854
-97.359504 21.066656
-97.36125 21.044909
-97.380265 21.050278
-97.376334 21.02348
-97.355184 20.990291
-97.342435 20.989991
-97.330335 21.008219
-97.404541 21.205572
-97.408418 21.256329
-97.395806 21.25004
-97.390664 21.203062
-97.302099 21.043489
-97.289814 20.941873
-97.230326 20.849987
-97.225092 20.81009
-97.180926 20.732733
-97.145538 20.633806
-97.112616 20.571419
-97.105216 20.567419
-97.048695 20.52294
-97.02573 20.517441
-96.954324 20.450204
-96.89943 20.374128
-96.794852 20.264544
-96.716418 20.208445
-96.634628 20.115179
-96.566771 20.004863
-96.564909 19.956366
-96.525702 19.940518
-96.467578 19.888159
-96.442133 19.840582
-96.434665 19.840362
-96.408999 19.731805
-96.417757 19.659689
-96.391251 19.644729
-96.384538 19.62275
-96.397614 19.575812
-96.375763 19.543024
-96.323868 19.500088
-96.30577 19.475579
-96.326103 19.43486
-96.292701 19.322815
-96.293112 19.310865
-96.174326 19.234757
-96.165667 19.220339
-96.139238 19.222749
-96.103867 19.171011
-96.098787 19.105575
-96.083999 19.087146
-96.035392 19.070855
-95.991864 19.072136
-95.978163 18.962902
-95.954281 18.897384
-95.839609 18.817378
-95.651981 18.752641
-95.647997 18.752491
-95.603564 18.735682
-95.542886 18.725881
-95.324878 18.739572
-95.199966 18.723934
-95.152234 18.692173
-95.133801 18.669694
-95.103917 18.661466
-95.064662 18.606629
-95.061496 18.587467
-95.039371 18.571921
-95.052325 18.536001
-95.03364 18.533091
-95.01765 18.560179
-94.974739 18.57641
-94.82285 18.556099
-94.830586 18.548811
-94.809124 18.519113
-94.798084 18.461026
-94.762904 18.432925
-94.747629 18.405656
-94.730097 18.378279
-94.674316 18.35311
-94.675142 18.33521
-94.646369 18.305183
-94.627197 18.289152
-94.611907 18.226534
-94.618567 18.230074
-94.630409 18.220256
-94.628539 18.187028
-94.604674 18.211006
-94.549442 18.176028
-94.463405 18.167948
-94.324781 18.189018
-94.221095 18.215895
-94.187038 18.214358
-94.143893 18.226356
-94.142541 18.223155
-94.137375 18.210176
-94.133897 18.207858
-94.13633 18.204518
-94.136933 18.198888
-94.136842 18.193257
-94.134882 18.186457
-94.132707 18.178539
-94.131472 18.170629
-94.125444 18.16602
-94.119806 18.164789
-94.11361 18.166939
-94.10904 18.170229
-94.103822 18.171269
-94.097291 18.167769
-94.093414 18.162079
-94.091903 18.156409
-94.091561 18.15077
-94.094772 18.1452
-94.09887 18.141879
-94.099502 18.135141
-94.099877 18.129502
-94.099061 18.123862
-94.098023 18.11821
-94.096512 18.112542
-94.094734 18.108013
-94.091768 18.103452
-94.088554 18.100011
-94.085831 18.095452
-94.088594 18.088744
-94.092216 18.085423
-94.093734 18.080951
-94.095054 18.075343
-94.093743 18.070813
-94.088692 18.065094
-94.083824 18.061624
-94.080125 18.058174
-94.076501 18.052475
-94.078864 18.042386
-94.081597 18.036795
-94.0839 18.028954
-94.083344 18.023305
-94.08255 18.016524
-94.082047 18.008637
-94.08174 18.001865
-94.075339 18.002886
-94.070815 18.005056
-94.066855 18.002737
-94.06514 17.995947
-94.066276 17.988088
-94.065933 17.982448
-94.066779 17.976826
-94.075164 17.981477
-94.079284 17.977048
-94.081542 17.971449
-94.082444 17.963577
-94.09034 17.961088
-94.089889 17.958078
-94.088845 17.95243
-94.08757 17.946768
-94.087944 17.941149
-94.088355 17.9344
-94.087411 17.92424
-94.087333 17.917481
-94.086296 17.911831
-94.086493 17.903951
-94.085746 17.896051
-94.083046 17.890382
-94.081986 17.885853
-94.080764 17.877941
-94.081451 17.868943
-94.077773 17.865502
-94.071983 17.860892
-94.064003 17.859622
-94.058792 17.860663
-94.053114 17.861682
-94.046247 17.862693
-94.041243 17.864851
-94.036611 17.861392
-94.035108 17.855733
-94.032857 17.851183
-94.030852 17.846643
-94.0279 17.842082
-94.02445 17.838643
-94.020971 17.836324
-94.012488 17.836174
-94.003507 17.837143
-93.995473 17.838123
-93.988492 17.834613
-93.984594 17.840174
-93.98029 17.842354
-93.976568 17.840034
-93.971737 17.835434
-93.966671 17.830843
-93.962322 17.826254
-93.962453 17.820624
-93.963993 17.816156
-93.965513 17.811675
-93.966413 17.803806
-93.964878 17.799265
-93.960781 17.793566
-93.957097 17.790116
-93.955707 17.779956
-93.954022 17.772037
-93.950901 17.765228
-93.947483 17.760668
-93.945218 17.757248
-93.940876 17.751528
-93.937443 17.748088
-93.930233 17.744569
-93.921551 17.743279
-93.916812 17.744328
-93.910685 17.744208
-93.905475 17.745238
-93.895121 17.745049
-93.888238 17.747168
-93.882571 17.748188
-93.878617 17.745858
-93.874964 17.741288
-93.876734 17.736807
-93.88061 17.732379
-93.882616 17.727918
-93.88109 17.723379
-93.878114 17.71995
-93.875406 17.715389
-93.871698 17.71307
-93.862725 17.714019
-93.856194 17.711649
-93.850519 17.71266
-93.843788 17.70916
-93.833633 17.710089
-93.82866 17.711119
-93.826668 17.706579
-93.825623 17.700931
-93.817634 17.70077
-93.811776 17.69954
-93.809272 17.696101
-93.810379 17.690501
-93.807183 17.685932
-93.800811 17.68694
-93.790168 17.688981
-93.784828 17.686632
-93.776572 17.686459
-93.770781 17.682972
-93.769996 17.677323
-93.770385 17.671702
-93.769096 17.667172
-93.76795 17.657022
-93.766455 17.651363
-93.764516 17.644563
-93.76325 17.638914
-93.760313 17.634354
-93.756933 17.628652
-93.754682 17.625224
-93.751776 17.619544
-93.749304 17.614995
-93.742667 17.608104
-93.737211 17.601245
-93.730574 17.594355
-93.721647 17.585175
-93.716358 17.580565
-93.711041 17.577076
-93.706929 17.572495
-93.700245 17.567846
-93.692189 17.560937
-93.686742 17.554067
-93.681255 17.548338
-93.67445 17.539187
-93.671749 17.534638
-93.668613 17.528937
-93.666363 17.525518
-93.663959 17.518719
-93.662793 17.50968
-93.66319 17.504069
-93.664075 17.49733
-93.664929 17.491719
-93.666499 17.486119
-93.667859 17.4794
-93.669895 17.47381
-93.669933 17.463692
-93.669156 17.45804
-93.667453 17.45125
-93.665698 17.446711
-93.662997 17.442163
-93.659831 17.437581
-93.652538 17.429552
-93.650111 17.423884
-93.649365 17.417113
-93.646672 17.412564
-93.644168 17.409133
-93.641255 17.404563
-93.639492 17.400033
-93.636148 17.393206
-93.633463 17.388655
-93.631709 17.384116
-93.630222 17.378466
-93.629183 17.373936
-93.625101 17.368226
-93.621942 17.363656
-93.618341 17.357956
-93.61384 17.351115
-93.611354 17.347686
-93.606523 17.344206
-93.600473 17.341837
-93.610957 17.327428
-93.676113 17.280369
-93.870531 17.141305
-94.521204 17.175834
-94.665449 17.187983
-94.761033 17.182513
-95.003144 17.195583
-94.999503 17.202291
-94.994964 17.206742
-94.992988 17.212342
-94.992836 17.221341
-94.992202 17.230332
-94.989432 17.24043
-94.985328 17.24826
-94.982886 17.252731
-94.982788 17.258359
-94.988448 17.2573
-94.994354 17.25512
-94.998536 17.257418
-94.999367 17.263049
-94.996001 17.267509
-94.996109 17.275388
-94.99669 17.282148
-94.993262 17.289989
-94.992439 17.296737
-94.990959 17.301207
-94.98964 17.309076
-94.984879 17.312398
-94.980125 17.315716
-94.976287 17.320176
-94.972939 17.323507
-95.086595 17.365295
-95.089068 17.372074
-95.092746 17.376625
-95.099033 17.380063
-95.102007 17.384604
-95.105007 17.388003
-95.10918 17.393312
-95.194334 17.501507
-95.205649 17.513998
-95.256331 17.580924
-95.253493 17.596663
-95.259635 17.595593
-95.265243 17.597904
-95.269913 17.600202
-95.273132 17.604733
-95.270226 17.610332
-95.264977 17.614793
-95.256484 17.615832
-95.252381 17.622542
-95.25064 17.628163
-95.247512 17.632632
-95.240721 17.630322
-95.232726 17.630242
-95.226562 17.632431
-95.219725 17.633492
-95.212599 17.636791
-95.205969 17.640102
-95.20004 17.642293
-95.193434 17.643363
-95.189954 17.639942
-95.186154 17.642151
-95.186261 17.650041
-95.186154 17.656801
-95.186042 17.66355
-95.185917 17.671429
-95.184645 17.67705
-95.185727 17.68269
-95.191306 17.687259
-95.19782 17.69182
-95.205085 17.694149
-95.212583 17.696479
-95.220062 17.69993
-95.225906 17.703369
-95.232672 17.706818
-95.24086 17.710269
-95.248839 17.712597
-95.254683 17.714907
-95.264334 17.715009
-95.272607 17.713957
-95.277565 17.712878
-95.284675 17.709569
-95.291581 17.705128
-95.29657 17.701798
-95.301094 17.698469
-95.303514 17.69511
-95.305954 17.689499
-95.311875 17.687309
-95.315698 17.68396
-95.319033 17.680608
-95.322648 17.67615
-95.326448 17.67393
-95.330475 17.671709
-95.333583 17.66836
-95.337618 17.66615
-95.341592 17.668431
-95.347934 17.66961
-95.352441 17.6674
-95.356463 17.665191
-95.362613 17.66412
-95.370203 17.660812
-95.375179 17.658601
-95.38087 17.655271
-95.388897 17.65422
-95.395243 17.654272
-95.400615 17.647062
-95.403538 17.643122
-95.406071 17.639732
-95.412456 17.637532
-95.418157 17.634211
-95.423138 17.630872
-95.428577 17.629791
-95.433796 17.626452
-95.437406 17.620853
-95.443379 17.615283
-95.450719 17.611963
-95.456211 17.606384
-95.459316 17.603032
-95.462186 17.599674
-95.468334 17.597473
-95.471716 17.591864
-95.473227 17.585124
-95.481177 17.588574
-95.490843 17.587523
-95.497473 17.585333
-95.502912 17.583113
-95.505782 17.579765
-95.510771 17.576424
-95.51647 17.571965
-95.519371 17.566354
-95.521324 17.561874
-95.526053 17.560785
-95.528472 17.555164
-95.532081 17.549564
-95.539634 17.548506
-95.547181 17.546316
-95.553526 17.546366
-95.560852 17.544165
-95.566079 17.540825
-95.573394 17.538627
-95.580528 17.533055
-95.584092 17.530826
-95.58998 17.529746
-95.597481 17.532055
-95.602158 17.533215
-95.61065 17.532145
-95.616754 17.533327
-95.623544 17.535626
-95.631493 17.539056
-95.63875 17.541365
-95.642732 17.543647
-95.647876 17.545925
-95.652407 17.541454
-95.650605 17.535817
-95.6523 17.531325
-95.659601 17.530256
-95.664323 17.529157
-95.669283 17.528066
-95.679172 17.527007
-95.684367 17.525916
-95.687938 17.522567
-95.692927 17.518096
-95.695782 17.514738
-95.700327 17.510267
-95.8123 17.509857
-95.88521 17.718597
-95.881753 17.733216
-95.883072 17.742236
-95.883691 17.748995
-95.885719 17.756886
-95.886842 17.762525
-95.886987 17.769284
-95.88337 17.777154
-95.876236 17.782744
-95.866991 17.788325
-95.861047 17.791673
-95.855081 17.798405
-95.850715 17.809633
-95.850387 17.817523
-95.851959 17.824292
-95.854964 17.828812
-95.854913 17.834443
-95.853881 17.841193
-95.851921 17.847942
-95.849747 17.852441
-95.84516 17.861421
-95.841073 17.869281
-95.838165 17.8749
-95.799812 17.947897
-95.800154 17.956917
-95.811027 17.996415
-95.837226 18.097999
-95.839538 18.10252
-95.842812 18.10592
-95.85083 18.107089
-95.85408 18.111618
-95.858772 18.115029
-95.860613 18.11954
-95.863642 18.122938
-95.882866 18.135448
-95.886919 18.133209
-95.894724 18.133259
-95.900858 18.132168
-95.906535 18.133329
-95.912683 18.133358
-95.92023 18.133398
-95.92683 18.135689
-95.934123 18.137977
-95.93812 18.140249
-95.941629 18.142528
-95.947994 18.144807
-95.954135 18.144847
-95.95911 18.143749
-95.969975 18.144928
-96.001561 18.129299
-96.072493 18.148787
-96.080047 18.149947
-96.085692 18.152217
-96.090415 18.153367
-96.095397 18.151137
-96.101554 18.150036
-96.107468 18.148927
-96.115279 18.147837
-96.117919 18.144467
-96.1175 18.138837
-96.120383 18.133208
-96.124428 18.129848
-96.130616 18.125358
-96.135354 18.124248
-96.142227 18.122029
-96.15123 18.120927
-96.157831 18.12209
-96.162767 18.123228
-96.168404 18.126628
-96.17334 18.131158
-96.177805 18.133429
-96.183206 18.136829
-96.18577 18.141347
-96.183114 18.146978
-96.185656 18.152617
-96.180894 18.157116
-96.174052 18.157076
-96.169534 18.159317
-96.167146 18.162697
-96.167549 18.169466
-96.176508 18.171736
-96.181245 18.170636
-96.184831 18.167266
-96.191706 18.163917
-96.200235 18.161686
-96.203584 18.157187
-96.207629 18.153827
-96.212144 18.151577
-96.216837 18.154976
-96.219653 18.158368
-96.222423 18.166267
-96.226146 18.171917
-96.229197 18.175306
-96.232227 18.178697
-96.235988 18.182095
-96.240191 18.187736
-96.243472 18.191135
-96.246509 18.195654
-96.250262 18.199046
-96.2559 18.203575
-96.258244 18.206965
-96.259853 18.211475
-96.262418 18.215993
-96.263782 18.221633
-96.263501 18.227273
-96.266301 18.231793
-96.268865 18.236304
-96.272603 18.241953
-96.277539 18.245353
-96.284633 18.245364
-96.288197 18.243122
-96.291761 18.240883
-96.297925 18.239773
-96.30096 18.243162
-96.302578 18.248813
-96.299215 18.255564
-96.29208 18.260053
-96.287083 18.263411
-96.281368 18.26791
-96.278728 18.272412
-96.278912 18.278042
-96.281468 18.284821
-96.283078 18.289331
-96.284923 18.2961
-96.285328 18.304
-96.285269 18.310759
-96.287602 18.31528
-96.29137 18.31754
-96.294888 18.319799
-96.301282 18.31982
-96.307431 18.32097
-96.313794 18.324369
-96.322065 18.32552
-96.328213 18.326657
-96.33483 18.326679
-96.348265 18.365058
-96.346564 18.369556
-96.344884 18.374067
-96.344809 18.380826
-96.347396 18.384215
-96.348059 18.389854
-96.350149 18.394366
-96.355826 18.395516
-96.36077 18.400026
-96.363326 18.405675
-96.368286 18.407946
-96.370384 18.412455
-96.376053 18.414737
-96.380768 18.416996
-96.384056 18.420386
-96.389931 18.426043
-96.393936 18.429435
-96.396987 18.432824
-96.400025 18.438464
-96.400925 18.444103
-96.404427 18.450873
-96.409835 18.456524
-96.412171 18.459923
-96.409524 18.466682
-96.411132 18.473444
-96.412987 18.479082
-96.413888 18.484733
-96.416718 18.488121
-96.419754 18.492642
-96.419244 18.498272
-96.420396 18.502791
-96.426994 18.50731
-96.430276 18.512959
-96.432619 18.516342
-96.436624 18.519739
-96.441552 18.52539
-96.444116 18.532159
-96.446213 18.536679
-96.447839 18.541188
-96.450403 18.54796
-96.452746 18.552478
-96.456033 18.556999
-96.459084 18.560388
-96.463335 18.563768
-96.468775 18.56492
-96.474673 18.568309
-96.479639 18.570568
-96.486506 18.572837
-96.492175 18.575108
-96.498568 18.577369
-96.507549 18.580767
-96.512516 18.583027
-96.517231 18.586417
-96.522685 18.587555
-96.528828 18.589817
-96.535229 18.590958
-96.541148 18.592097
-96.54613 18.593226
-96.56673 18.596637
-96.576687 18.597778
-96.582121 18.600035
-96.589697 18.603428
-96.595847 18.605687
-96.603658 18.606825
-96.610274 18.611345
-96.616178 18.615865
-96.622801 18.618115
-96.629432 18.621506
-96.636284 18.624894
-96.643394 18.627156
-96.64907 18.629414
-96.653563 18.631675
-96.657349 18.633936
-96.663269 18.635063
-96.668724 18.636194
-96.676064 18.638445
-96.683181 18.639584
-96.690514 18.641845
-96.699531 18.641844
-96.702178 18.645483
-96.71161 18.644105
-96.717552 18.642974
-96.721857 18.638465
-96.724496 18.631694
-96.724763 18.626054
-96.725275 18.618156
-96.723886 18.613644
-96.721054 18.609136
-96.719186 18.604626
-96.716356 18.601237
-96.710678 18.597858
-96.70713 18.595598
-96.70002 18.593337
-96.691025 18.591086
-96.686059 18.589957
-96.678474 18.588826
-96.669464 18.587687
-96.660484 18.583178
-96.657654 18.579787
-96.654838 18.575276
-96.652007 18.570767
-96.650154 18.563997
-96.64878 18.556098
-96.648338 18.54821
-96.648162 18.539191
-96.647963 18.533551
-96.64801 18.524519
-96.648529 18.515499
-96.651167 18.508731
-96.654753 18.504229
-96.658347 18.499711
-96.728699 18.410635
-96.731302 18.414024
-96.736955 18.419664
-96.74096 18.424174
-96.744257 18.427553
-96.747559 18.430933
-96.752259 18.436582
-96.757211 18.442213
-96.760264 18.447852
-96.763551 18.453492
-96.766366 18.461382
-96.767757 18.467022
-96.772226 18.474911
-96.774561 18.479423
-96.776201 18.485062
-96.777362 18.489583
-96.780894 18.49409
-96.784181 18.499722
-96.789621 18.5031
-96.796481 18.50423
-96.802639 18.506481
-96.809031 18.507612
-96.817797 18.509859
-96.823239 18.512111
-96.829388 18.51436
-96.835079 18.515491
-96.841472 18.516609
-96.849995 18.517728
-96.86276 18.525611
-96.869625 18.52899
-96.875525 18.533497
-96.882864 18.535749
-96.889761 18.533489
-96.89546 18.530098
-96.90212 18.526709
-96.907111 18.522178
-96.913755 18.516538
-96.917342 18.513159
-96.923277 18.50864
-96.927786 18.506381
-96.931342 18.50411
-96.938467 18.50297
-96.944624 18.502971
-96.963096 18.506328
-96.968323 18.50519
-96.973526 18.506311
-96.97827 18.505181
-96.98446 18.49952
-96.989226 18.49162
-96.994233 18.48371
-96.997804 18.476943
-97.000894 18.472432
-97.004227 18.466773
-97.008027 18.461132
-97.012331 18.453232
-97.014946 18.448713
-97.017794 18.445341
-97.026093 18.446434
-97.029397 18.449823
-97.036974 18.454313
-97.04194 18.456562
-97.049044 18.457672
-97.055909 18.457652
-97.063974 18.457634
-97.070604 18.457621
-97.07439 18.45762
-97.07864 18.464372
-97.081004 18.468881
-97.083606 18.472251
-97.08713 18.479012
-97.08926 18.483521
-97.090419 18.489159
-97.092554 18.493661
-97.094431 18.49817
-97.095852 18.502681
-97.097735 18.509441
-97.098658 18.515069
-97.10834 18.531978
-97.109278 18.537607
-97.114002 18.544366
-97.117785 18.548868
-97.12086 18.552239
-97.124898 18.554486
-97.127011 18.558999
-97.128422 18.563507
-97.130055 18.577037
-97.128384 18.581558
-97.128606 18.587184
-97.129063 18.595085
-97.130726 18.601856
-97.13332 18.605227
-97.134724 18.609735
-97.149174 18.622106
-97.185438 18.644572
-97.193968 18.646792
-97.204405 18.646774
-97.214614 18.646735
-97.22126 18.647831
-97.232412 18.647803
-97.23716 18.646663
-97.244513 18.645503
-97.252105 18.645482
-97.258515 18.644333
-97.265877 18.643172
-97.273224 18.643154
-97.279641 18.642004
-97.287467 18.641974
-97.30398 18.642003
-97.309427 18.643163
-97.314858 18.645453
-97.318621 18.647733
-97.324038 18.651152
-97.327807 18.654552
-97.331315 18.657965
-97.334353 18.662494
-97.338549 18.669281
-97.34109 18.674943
-97.343882 18.679471
-97.349031 18.686272
-97.35254 18.690802
-97.355112 18.694201
-97.352205 18.6987
-97.350496 18.703201
-97.347613 18.70656
-97.34376 18.71106
-97.338739 18.714421
-97.333185 18.72228
-97.331475 18.72678
-97.3295 18.733539
-97.328462 18.742557
-97.330041 18.748208
-97.332109 18.753859
-97.334453 18.757258
-97.339129 18.762937
-97.33996 18.770356
-97.338298 18.774208
-97.3361 18.778707
-97.334117 18.785466
-97.332422 18.789977
-97.3295 18.795597
-97.327281 18.802358
-97.325327 18.806856
-97.322902 18.811366
-97.320229 18.815858
-97.316812 18.824864
-97.312921 18.831614
-97.30578 18.853014
-97.302866 18.858623
-97.299257 18.861994
-97.295892 18.865354
-97.289186 18.869823
-97.285577 18.873202
-97.277925 18.876532
-97.274339 18.878763
-97.267655 18.880981
-97.260988 18.883193
-97.25499 18.886541
-97.250213 18.888773
-97.245659 18.892122
-97.242278 18.896613
-97.239846 18.901122
-97.239257 18.910143
-97.242287 18.91581
-97.244347 18.922591
-97.244981 18.928241
-97.246087 18.935021
-97.246254 18.940659
-97.246415 18.9463
-97.247781 18.953081
-97.249131 18.958729
-97.249763 18.964378
-97.251351 18.972299
-97.25367 18.976818
-97.254296 18.983599
-97.254701 18.990378
-97.254128 18.998267
-97.252579 19.007286
-97.251534 19.015188
-97.250289 19.019686
-97.248809 19.025325
-97.245599 19.034325
-97.247155 19.042246
-97.243926 19.059885
-97.243096 19.064424
-97.241708 19.072315
-97.241325 19.077974
-97.244796 19.082553
-97.249 19.086024
-97.253685 19.089493
-97.257599 19.095214
-97.260796 19.100932
-97.263306 19.105494
-97.265801 19.111202
-97.267297 19.118014
-97.26738 19.124804
-97.264344 19.131532
-97.261316 19.138263
-97.257896 19.141601
-97.251289 19.148272
-97.245477 19.151562
-97.238961 19.154841
-97.22979 19.1592
-97.221115 19.162441
-97.211966 19.16567
-97.199027 19.167701
-97.190886 19.168679
-97.184455 19.16856
-97.176154 19.166151
-97.168088 19.16488
-97.160978 19.162491
-97.157423 19.161292
-97.152181 19.161189
-97.146214 19.162971
-97.141898 19.162141
-97.138288 19.163212
-97.13393 19.165389
-97.128186 19.166409
-97.122373 19.16969
-97.118977 19.1719
-97.114171 19.172931
-97.109165 19.17284
-97.101323 19.17157
-97.094913 19.17032
-97.091633 19.16799
-97.088535 19.16793
-97.079402 19.168571
-97.075871 19.16882
-97.070614 19.16873
-97.067486 19.169802
-97.064595 19.170881
-97.061405 19.174211
-97.056103 19.176369
-97.05202 19.177431
-97.049305 19.180761
-97.046564 19.185241
-97.042474 19.18629
-97.038601 19.188478
-97.034632 19.194059
-97.032404 19.19741
-97.025628 19.20068
-97.021508 19.20286
-97.019044 19.206209
-97.017039 19.209567
-97.013909 19.210628
-97.012393 19.213999
-97.010393 19.217348
-97.005594 19.218399
-97.00165 19.222839
-97.001078 19.226218
-97.001223 19.231607
-96.995844 19.235167
-96.994311 19.238527
-96.9927 19.245296
-96.989962 19.249758
-96.986498 19.254217
-96.984467 19.258707
-96.980958 19.262365
-96.978082 19.265367
-96.984644 19.270016
-96.986969 19.272327
-96.987061 19.277986
-96.989359 19.281425
-96.990937 19.284845
-96.99592 19.286075
-97.000643 19.288425
-97.001269 19.291836
-97.004274 19.295285
-97.007829 19.296485
-97.011881 19.296565
-97.016092 19.297307
-97.019015 19.297834
-97.021015 19.303535
-97.0255 19.305874
-97.030268 19.305963
-97.032482 19.303754
-97.034953 19.300396
-97.038355 19.298203
-97.043094 19.299424
-97.048832 19.299524
-97.056529 19.297424
-97.063061 19.294145
-97.065571 19.289675
-97.068843 19.282945
-97.07349 19.278506
-97.07738 19.276315
-97.083554 19.277565
-97.088032 19.279905
-97.093793 19.278884
-97.098203 19.274446
-97.103451 19.274546
-97.106716 19.277996
-97.110386 19.283714
-97.113667 19.286046
-97.11623 19.288354
-97.116772 19.291956
-97.117338 19.295604
-97.121961 19.297515
-97.124997 19.300964
-97.127323 19.303264
-97.132482 19.306755
-97.134801 19.309064
-97.13789 19.310244
-97.143071 19.312602
-97.149207 19.316113
-97.15467 19.317344
-97.158734 19.317413
-97.162787 19.317493
-97.168798 19.316464
-97.175535 19.314323
-97.181288 19.313303
-97.187766 19.312295
-97.195212 19.310155
-97.200988 19.309134
-97.208176 19.308122
-97.215607 19.307134
-97.220649 19.306093
-97.226815 19.307333
-97.235421 19.308524
-97.238708 19.309804
-97.245354 19.311065
-97.249871 19.312263
-97.254862 19.313485
-97.258851 19.316944
-97.261361 19.321514
-97.264054 19.328353
-97.265825 19.334042
-97.26622 19.337442
-97.267306 19.341992
-97.268419 19.345403
-97.270004 19.348823
-97.272577 19.351133
-97.275149 19.353441
-97.27823 19.354632
-97.281037 19.356931
-97.284837 19.358131
-97.288416 19.35819
-97.291757 19.358252
-97.296268 19.359473
-97.300806 19.359542
-97.305347 19.359631
-97.309679 19.35856
-97.314753 19.356392
-97.319041 19.356462
-97.323847 19.355412
-97.326929 19.356602
-97.330883 19.361191
-97.332714 19.364621
-97.335499 19.368061
-97.338068 19.370361
-97.340374 19.373802
-97.343882 19.377262
-97.348339 19.38073
-97.352611 19.381931
-97.357837 19.38315
-97.363545 19.38437
-97.3709 19.38676
-97.377322 19.387999
-97.381093 19.39033
-97.384145 19.39264
-97.387638 19.3961
-97.389242 19.399519
-97.392834 19.404179
-97.389431 19.411971
-97.384991 19.417548
-97.379445 19.419719
-97.374135 19.421898
-97.367198 19.421769
-97.360248 19.422787
-97.354266 19.422689
-97.346079 19.424808
-97.342418 19.428148
-97.342052 19.433789
-97.344569 19.438367
-97.349293 19.440709
-97.355671 19.444209
-97.359684 19.446549
-97.364833 19.451156
-97.37016 19.458038
-97.372577 19.467125
-97.374606 19.471677
-97.37541 19.478485
-97.376394 19.487558
-97.376264 19.493206
-97.377485 19.502284
-97.378544 19.507964
-97.379102 19.514765
-97.381139 19.519323
-97.384175 19.522764
-97.38792 19.526225
-97.393338 19.529716
-97.39781 19.533183
-97.401554 19.536633
-97.406285 19.538973
-97.410063 19.541303
-97.413991 19.547022
-97.416914 19.554994
-97.418676 19.561822
-97.418043 19.568593
-97.416944 19.574233
-97.411422 19.585462
-97.40679 19.58878
-97.402913 19.590981
-97.396131 19.594261
-97.388661 19.5964
-97.382587 19.599691
-97.378683 19.60302
-97.372509 19.610841
-97.368259 19.618679
-97.36475 19.625419
-97.360272 19.632138
-97.356252 19.639989
-97.35423 19.644479
-97.351964 19.648968
-97.349941 19.653469
-97.348643 19.657969
-97.346584 19.663589
-97.344029 19.670338
-97.342212 19.675967
-97.340618 19.682727
-97.338572 19.688357
-97.335805 19.693957
-97.331028 19.702936
-97.327936 19.711938
-97.32484 19.720935
-97.319582 19.731035
-97.316256 19.738894
-97.314197 19.744525
-97.313296 19.752434
-97.311427 19.760324
-97.308871 19.767064
-97.306522 19.774953
-97.305133 19.782852
-97.302966 19.793002
-97.30089 19.799762
-97.299326 19.804252
-97.297519 19.809882
-97.295442 19.816642
-97.293628 19.82227
-97.29207 19.826771
-97.290393 19.836931
-97.288837 19.841431
-97.288653 19.849349
-97.287227 19.85839
-97.285921 19.862888
-97.283152 19.868497
-97.280117 19.87411
-97.276896 19.878578
-97.271936 19.885289
-97.266971 19.891979
-97.264246 19.895338
-97.261286 19.898676
-97.254907 19.904227
-97.252381 19.909836
-97.250046 19.916597
-97.247735 19.922207
-97.242701 19.932316
-97.239419 19.939047
-97.234842 19.949155
-97.230805 19.957014
-97.223564 19.968206
-97.220337 19.972664
-97.215608 19.979374
-97.212166 19.982712
-97.206926 19.990545
-97.20363 19.997273
-97.200815 20.004014
-97.19873 20.010774
-97.196098 20.019784
-97.194321 20.024283
-97.192725 20.029913
-97.190689 20.034411
-97.187166 20.04113
-97.18441 20.045612
-97.181899 20.05009
-97.177649 20.05682
-97.172149 20.064639
-97.165984 20.071321
-97.160347 20.07574
-97.154198 20.081291
-97.150298 20.083488
-97.145439 20.08566
-97.13713 20.09117
-97.130499 20.096709
-97.126784 20.101159
-97.123068 20.105628
-97.118528 20.113467
-97.113736 20.122437
-97.112416 20.126949
-97.112188 20.135999
-97.115615 20.142857
-97.119375 20.146325
-97.125044 20.149826
-97.132254 20.149957
-97.139214 20.150087
-97.148087 20.151376
-97.15335 20.152608
-97.157578 20.156088
-97.165696 20.158506
-97.17192 20.159745
-97.178605 20.160996
-97.190117 20.162336
-97.195854 20.163575
-97.201554 20.165946
-97.208002 20.168327
-97.213975 20.169565
-97.220696 20.169686
-97.234072 20.173316
-97.240045 20.174556
-97.24817 20.176967
-97.256067 20.178246
-97.26395 20.180644
-97.270374 20.183026
-97.275393 20.184244
-97.281589 20.186616
-97.289729 20.187885
-97.296443 20.189134
-97.301448 20.190355
-97.308703 20.189357
-97.313924 20.191707
-97.319134 20.195194
-97.327671 20.199875
-97.334537 20.204525
-97.337576 20.207966
-97.340619 20.211414
-97.345083 20.216023
-97.349293 20.220625
-97.353345 20.222964
-97.357732 20.229835
-97.361264 20.233292
-97.370358 20.234572
-97.376653 20.233553
-97.382254 20.230244
-97.38619 20.226914
-97.389853 20.224712
-97.395247 20.220274
-97.401975 20.220382
-97.406485 20.222723
-97.411963 20.225082
-97.419203 20.224065
-97.425696 20.224172
-97.432213 20.223155
-97.43801 20.222113
-97.441902 20.219914
-97.445649 20.214314
-97.452538 20.207635
-97.454599 20.202004
-97.454742 20.195216
-97.457045 20.189585
-97.459762 20.186235
-97.462784 20.180626
-97.465745 20.177275
-97.473754 20.174005
-97.477242 20.168396
-97.480508 20.162785
-97.483223 20.159437
-97.487411 20.154976
-97.493044 20.150538
-97.498239 20.144956
-97.503632 20.139388
-97.506593 20.136038
-97.509797 20.132688
-97.514734 20.127108
-97.520898 20.120407
-97.526796 20.114839
-97.532464 20.108148
-97.539111 20.101448
-97.543245 20.099259
-97.548846 20.095949
-97.559259 20.09271
-97.568646 20.091728
-97.575382 20.091829
-97.58205 20.094198
-97.587489 20.097678
-97.588566 20.103358
-97.589916 20.107919
-97.590251 20.114709
-97.592037 20.120399
-97.593106 20.126079
-97.594921 20.131767
-97.596249 20.136316
-97.59759 20.140867
-97.599658 20.145426
-97.600972 20.151107
-97.602504 20.157916
-97.603305 20.164735
-97.603137 20.172654
-97.602748 20.179444
-97.606037 20.182896
-97.610866 20.181836
-97.614521 20.179624
-97.618656 20.177425
-97.622823 20.174096
-97.627522 20.168496
-97.63194 20.164036
-97.635137 20.160685
-97.638578 20.157346
-97.642744 20.154005
-97.645964 20.149526
-97.650876 20.143936
-97.655339 20.138356
-97.657812 20.134987
-97.661732 20.131647
-97.665097 20.128326
-97.671406 20.128397
-97.675551 20.126187
-97.684216 20.125197
-97.692633 20.125307
-97.697653 20.126518
-97.70407 20.130017
-97.706878 20.133448
-97.711302 20.140306
-97.712623 20.145985
-97.714645 20.152816
-97.714965 20.160746
-97.714827 20.166404
-97.714698 20.172075
-97.714539 20.179994
-97.71563 20.185664
-97.718893 20.190244
-97.72505 20.194863
-97.731483 20.197225
-97.735985 20.200694
-97.741371 20.207563
-97.745314 20.214413
-97.747139 20.218973
-97.749383 20.226923
-97.747094 20.232553
-97.744621 20.235922
-97.741876 20.240404
-97.739045 20.249423
-97.737205 20.257332
-97.735993 20.268631
-97.738524 20.274342
-97.742676 20.28233
-97.741775 20.28859
-97.743385 20.294239
-97.745025 20.299889
-97.747383 20.304409
-97.749954 20.312331
-97.749404 20.319099
-97.747452 20.32361
-97.745225 20.331508
-97.743979 20.336019
-97.742242 20.342776
-97.740983 20.349548
-97.739723 20.356317
-97.737999 20.360827
-97.73771 20.366478
-97.740777 20.373255
-97.745765 20.378917
-97.738929 20.390994
-97.737151 20.395497
-97.735854 20.400006
-97.733086 20.405626
-97.731736 20.412415
-97.73162 20.418064
-97.72808 20.425945
-97.723641 20.430415
-97.718735 20.434873
-97.715294 20.438212
-97.708725 20.441525
-97.701728 20.441413
-97.69915 20.437972
-97.695388 20.433393
-97.688704 20.431026
-97.685195 20.426444
-97.682898 20.420754
-97.681579 20.415064
-97.676383 20.410455
-97.669928 20.408096
-97.668393 20.401275
-97.664373 20.397826
-97.656713 20.395434
-97.648771 20.395316
-97.642461 20.397485
-97.637144 20.398535
-97.631817 20.399587
-97.630521 20.404106
-97.62991 20.409755
-97.625501 20.413085
-97.624386 20.419864
-97.627638 20.425574
-97.628445 20.432384
-97.624287 20.435712
-97.618017 20.435622
-97.611386 20.441195
-97.605297 20.444494
-97.597997 20.447772
-97.592893 20.449965
-97.583951 20.450953
-97.579075 20.453153
-97.575397 20.456482
-97.571864 20.463232
-97.572711 20.468903
-97.571378 20.474553
-97.563885 20.475562
-97.562336 20.480072
-97.557446 20.483391
-97.551196 20.482162
-97.541331 20.482003
-97.532901 20.481873
-97.524387 20.485133
-97.518954 20.490703
-97.519801 20.496381
-97.522845 20.499832
-97.526644 20.50216
-97.530939 20.504491
-97.535701 20.506831
-97.539501 20.509159
-97.543734 20.513761
-97.548488 20.51723
-97.550312 20.521789
-97.552372 20.526359
-97.553959 20.530911
-97.556217 20.537741
-97.557314 20.54229
-97.560596 20.546868
-97.565555 20.55148
-97.569331 20.554938
-97.573872 20.557268
-97.578654 20.558489
-97.58801 20.560889
-97.598369 20.56105
-97.607557 20.560059
-97.616742 20.559069
-97.626622 20.559217
-97.635733 20.561629
-97.641494 20.562838
-97.647252 20.564069
-97.657079 20.566479
-97.663572 20.567708
-97.671957 20.570099
-97.67427 20.574666
-97.674789 20.583728
-97.673933 20.590516
-97.673019 20.598436
-97.673149 20.604096
-97.673942 20.612045
-97.67575 20.617736
-97.680487 20.621205
-97.688194 20.622456
-97.698508 20.624866
-97.704024 20.627216
-97.707772 20.631804
-97.710555 20.637506
-97.713829 20.642086
-97.717781 20.648946
-97.718895 20.653494
-97.718217 20.662543
-97.717339 20.669333
-97.716742 20.674984
-97.715356 20.684033
-97.714036 20.688543
-97.712495 20.693043
-97.711349 20.700952
-97.711236 20.706623
-97.711121 20.712282
-97.712853 20.721372
-97.712746 20.727032
-97.711883 20.732691
-97.710556 20.738341
-97.70945 20.74511
-97.707344 20.75302
-97.706725 20.75981
-97.706574 20.766598
-97.707358 20.774538
-97.70945 20.77999
-97.717721 20.784459
-97.722962 20.791279
-97.730606 20.798098
-97.741144 20.804938
-97.754168 20.807268
-97.764741 20.809577
-97.779193 20.811897
-97.791766 20.809688
-97.803837 20.807486
-97.808741 20.798448
-97.818385 20.800757
-97.833355 20.798558
-97.831782 20.812128
-97.842334 20.818957
-97.857799 20.816757
-97.857898 20.805448
-97.863293 20.796408
-97.863696 20.791448
-97.866627 20.785807
-97.868329 20.783558
-97.870039 20.78131
-97.871983 20.777919
-97.873937 20.77453
-97.876386 20.770029
-97.880041 20.76552
-97.883923 20.75876
-97.884687 20.755371
-97.885694 20.749719
-97.886449 20.745211
-97.88696 20.741831
-97.887227 20.73844
-97.887998 20.73167
-97.889028 20.72263
-97.891484 20.716991
-97.894634 20.713611
-97.897069 20.710231
-97.899013 20.707971
-97.90218 20.704601
-97.908209 20.701222
-97.911107 20.700102
-97.91496 20.698983
-97.918341 20.697862
-97.921492 20.695612
-97.924619 20.694493
-97.928464 20.694503
-97.933293 20.693382
-97.937878 20.692263
-97.940786 20.690013
-97.941527 20.686623
-97.94229 20.680974
-97.942076 20.677593
-97.941405 20.670815
-97.93717 20.657254
-97.931448 20.651604
-97.925001 20.645935
-97.92095 20.640274
-97.919539 20.635755
-97.921515 20.628985
-97.924459 20.621094
-97.929098 20.612065
-97.932036 20.604177
-97.933776 20.596265
-97.935514 20.589497
-97.936736 20.586118
-97.937262 20.581598
-97.938504 20.575949
-97.940222 20.571437
-97.941451 20.566929
-97.942205 20.563546
-97.943189 20.559029
-97.943717 20.553388
-97.944234 20.547738
-97.945234 20.542098
-97.946006 20.536448
-97.946517 20.53194
-97.946799 20.52742
-97.947546 20.522908
-97.948531 20.519521
-97.950492 20.515009
-97.953887 20.510499
-97.959662 20.510519
-97.962753 20.51391
-97.965132 20.517299
-97.967031 20.519561
-97.969877 20.525218
-97.970816 20.528609
-97.974127 20.535388
-97.977462 20.542168
-97.97982 20.546688
-97.9822 20.550078
-97.983832 20.553487
-97.985991 20.557999
-97.989318 20.562517
-97.991478 20.564777
-97.996277 20.571738
-97.999732 20.576746
-98.003373 20.581746
-98.008873 20.586266
-98.011726 20.589666
-98.015548 20.594197
-98.018173 20.597586
-98.021026 20.600977
-98.025095 20.605507
-98.029862 20.611157
-98.034158 20.615677
-98.037247 20.621326
-98.0401 20.625855
-98.045595 20.632633
-98.05086 20.636034
-98.054917 20.639435
-98.059275 20.637175
-98.063394 20.631536
-98.066552 20.627024
-98.066301 20.622646
-98.071908 20.616864
-98.076502 20.613484
-98.081575 20.610105
-98.087115 20.608984
-98.092197 20.604476
-98.093675 20.597698
-98.097293 20.595445
-98.101152 20.593198
-98.103831 20.588687
-98.106265 20.583047
-98.109651 20.579658
-98.11449 20.575147
-98.11909 20.570626
-98.121279 20.566118
-98.124905 20.562737
-98.130222 20.558218
-98.137211 20.554848
-98.142756 20.552598
-98.148051 20.550339
-98.153851 20.545829
-98.159887 20.541318
-98.164227 20.539068
-98.169042 20.536808
-98.174107 20.534558
-98.181096 20.531179
-98.188564 20.528919
-98.197713 20.525539
-98.205656 20.52442
-98.211668 20.523299
-98.221297 20.521039
-98.225386 20.518788
-98.230931 20.514271
-98.236243 20.50976
-98.240362 20.505239
-98.245442 20.497331
-98.250517 20.492822
-98.254378 20.48944
-98.258734 20.483791
-98.264061 20.477011
-98.268392 20.472502
-98.274428 20.467982
-98.27925 20.464591
-98.284294 20.463472
-98.290565 20.460082
-98.295868 20.4567
-98.30117 20.453312
-98.305015 20.451053
-98.30864 20.446533
-98.311547 20.442024
-98.315178 20.436372
-98.317849 20.430723
-98.322441 20.425083
-98.326774 20.420563
-98.330155 20.417184
-98.337381 20.411525
-98.345102 20.407014
-98.353265 20.403615
-98.362641 20.403615
-98.370308 20.404744
-98.378962 20.405864
-98.388078 20.406995
-98.397678 20.408105
-98.406078 20.408104
-98.410899 20.405834
-98.417147 20.401323
-98.420779 20.396803
-98.424639 20.392285
-98.427073 20.386634
-98.429232 20.382115
-98.430934 20.377595
-98.433125 20.371947
-98.435068 20.365175
-98.437244 20.359525
-98.440151 20.353885
-98.444004 20.349356
-98.447368 20.345967
-98.450504 20.342587
-98.455563 20.338056
-98.460133 20.335797
-98.468304 20.333527
-98.477908 20.334647
-98.491346 20.334627
-98.505505 20.335736
-98.517965 20.340246
-98.522999 20.343618
-98.530181 20.348127
-98.53616 20.357146
-98.541426 20.362786
-98.545736 20.369555
-98.549315 20.375195
-98.552656 20.383095
-98.555511 20.390995
-98.558615 20.396623
-98.560287 20.401145
-98.562422 20.407912
-98.566017 20.414684
-98.569359 20.419193
-98.572235 20.422573
-98.574141 20.427093
-98.579657 20.431592
-98.583489 20.437232
-98.586113 20.444002
-98.588484 20.454163
-98.590614 20.46658
-98.590119 20.475611
-98.587937 20.481271
-98.582625 20.49031
-98.576843 20.49597
-98.570571 20.500489
-98.563361 20.503901
-98.556374 20.508418
-98.550834 20.512948
-98.5436 20.521988
-98.53948 20.528778
-98.53562 20.535558
-98.534406 20.541207
-98.532691 20.550248
-98.531713 20.557027
-98.530965 20.566056
-98.531186 20.571708
-98.530921 20.578477
-98.528983 20.585256
-98.527036 20.590916
-98.525335 20.596554
-98.523641 20.601075
-98.520734 20.607856
-98.517341 20.615765
-98.512747 20.622544
-98.507201 20.629333
-98.502135 20.634985
-98.497769 20.639514
-98.490316 20.645163
-98.479695 20.651954
-98.474148 20.656471
-98.465938 20.662133
-98.461606 20.664392
-98.456791 20.667791
-98.44907 20.672312
-98.445209 20.675703
-98.43893 20.681362
-98.435314 20.684752
-98.429982 20.693783
-98.427791 20.698311
-98.424648 20.702831
-98.421254 20.708481
-98.418834 20.712991
-98.416645 20.719781
-98.418063 20.72542
-98.424305 20.728808
-98.431774 20.727669
-98.435636 20.72541
-98.439968 20.72315
-98.446012 20.71862
-98.452037 20.714101
-98.459776 20.708442
-98.465566 20.705049
-98.474485 20.69826
-98.483174 20.691481
-98.48969 20.685833
-98.497412 20.681302
-98.505841 20.675643
-98.511878 20.671113
-98.519109 20.666583
-98.524892 20.663181
-98.534995 20.663173
-98.54077 20.665423
-98.54437 20.668812
-98.547232 20.677832
-98.546721 20.684612
-98.544311 20.688
-98.542845 20.694781
-98.541381 20.699301
-98.538725 20.70495
-98.535117 20.708352
-98.529806 20.711749
-98.519667 20.71853
-98.509307 20.72307
-98.49581 20.727599
-98.489301 20.729879
-98.48496 20.732138
-98.4811 20.735531
-98.476994 20.737791
-98.473119 20.742308
-98.468289 20.746838
-98.462736 20.75361
-98.457905 20.760398
-98.453052 20.768309
-98.4482 20.777347
-98.443105 20.787517
-98.43562 20.793167
-98.43031 20.796566
-98.424519 20.797699
-98.416813 20.797706
-98.408152 20.797716
-98.399708 20.799978
-98.39487 20.803366
-98.391734 20.806756
-98.38882 20.812406
-98.384211 20.819176
-98.381289 20.827096
-98.377902 20.830485
-98.373308 20.833874
-98.367771 20.835006
-98.362436 20.839513
-98.358332 20.844044
-98.353502 20.846304
-98.346751 20.848565
-98.341463 20.845176
-98.337389 20.840665
-98.332825 20.835016
-98.328759 20.830494
-98.323967 20.823727
-98.320389 20.818067
-98.316812 20.811297
-98.311767 20.805646
-98.307457 20.801127
-98.301216 20.796616
-98.292327 20.792098
-98.281029 20.788706
-98.275977 20.787569
-98.268989 20.787568
-98.26104 20.787568
-98.252365 20.788698
-98.246361 20.788698
-98.240446 20.791016
-98.232704 20.798037
-98.223509 20.802526
-98.228712 20.816117
-98.237326 20.825196
-98.24356 20.831986
-98.248313 20.838795
-98.253073 20.847865
-98.254921 20.859174
-98.250486 20.872746
-98.243613 20.886294
-98.240179 20.895332
-98.238913 20.903764
-98.234519 20.912801
-98.228156 20.926373
-98.223266 20.935422
-98.217429 20.942191
-98.207679 20.95576
-98.200834 20.967059
-98.192053 20.980619
-98.182797 20.991919
-98.177411 21.000969
-98.168156 21.012268
-98.158917 21.021287
-98.147267 21.030317
-98.140431 21.039357
-98.137462 21.048406
-98.139301 21.061987
-98.143101 21.071046
-98.158047 21.077867
-98.163312 21.084675
-98.174887 21.089215
-98.185469 21.098286
-98.194594 21.107354
-98.194028 21.120944
-98.202176 21.130003
-98.203039 21.148112
-98.209272 21.154911
-98.21746 21.161722
-98.221771 21.168511
-98.227608 21.161732
-98.233969 21.152683
-98.241263 21.143642
-98.247603 21.136864
-98.258721 21.139151
-98.26648 21.134635
-98.277086 21.139164
-98.274103 21.15274
-98.272088 21.166322
-98.275406 21.177631
-98.280174 21.188961
-98.282549 21.198019
-98.296129 21.19351
-98.293756 21.184451
-98.294786 21.173132
-98.298707 21.164092
-98.314676 21.164101
-98.330187 21.159593
-98.338924 21.155071
-98.351039 21.150562
-98.365092 21.146032
-98.378155 21.146042
-98.388812 21.143783
-98.401875 21.143802
-98.405736 21.146063
-98.419743 21.148331
-98.433737 21.15739
-98.443364 21.166441
-98.449141 21.173231
-98.459234 21.18681
-98.466955 21.193609
-98.475631 21.20039
-98.481894 21.207181
-98.495895 21.213969
-98.508926 21.223017
-98.517615 21.227547
-98.519507 21.241128
-98.517044 21.250178
-98.514075 21.263758
-98.506271 21.275078
-98.500908 21.284137
-98.495048 21.297716
-98.487265 21.304506
-98.478514 21.311294
-98.472669 21.318083
-98.466361 21.320354
-98.471174 21.327155
-98.474515 21.338463
-98.476402 21.347523
-98.487549 21.349783
-98.495261 21.356572
-98.501022 21.367892
-98.502433 21.379203
-98.504347 21.386003
-98.508652 21.397312
-98.513465 21.406372
-98.520186 21.42222
-98.524955 21.44032
-98.527801 21.456168
-98.527268 21.467488
-98.526252 21.478807
-98.529602 21.487868
-98.536361 21.496917
-98.547485 21.503698
-98.569757 21.515005
-98.582339 21.521786
-98.595408 21.530835
-98.607508 21.539886
-98.61861 21.555714
-98.62247 21.564773
-98.621447 21.576094
-98.618013 21.585153
-98.616046 21.596473
-98.618441 21.605522
-98.62327 21.612313
-98.63052 21.621362
-98.622721 21.63043
-98.61638 21.639491
-98.607135 21.644031
-98.610988 21.653072
-98.614826 21.662131
-98.60271 21.657609
-98.593005 21.655349
-98.580401 21.653101
-98.569214 21.65537
-98.561907 21.66217
-98.556527 21.671221
-98.554055 21.680281
-98.554964 21.693869
-98.546692 21.6984
-98.535522 21.700669
-98.528266 21.693878
-98.517098 21.691618
-98.519478 21.702939
-98.508309 21.705207
-98.500008 21.711997
-98.490272 21.714258
-98.48683 21.723317
-98.476143 21.725587
-98.470267 21.734638
-98.465857 21.743688
-98.453682 21.748217
-98.448783 21.755006
-98.451666 21.764066
-98.455992 21.773127
-98.462768 21.782185
-98.466604 21.791246
-98.475334 21.795775
-98.480148 21.807085
-98.487891 21.813883
-98.502969 21.813885
-98.508767 21.820674
-98.515054 21.827463
-98.518426 21.836523
-98.531038 21.843314
-98.534387 21.856893
-98.534334 21.868223
-98.530892 21.877281
-98.515297 21.884072
-98.503594 21.890861
-98.517198 21.897661
-98.527398 21.899922
-98.518127 21.90671
-98.504998 21.904451
-98.497673 21.91125
-98.505418 21.9203
-98.521446 21.924819
-98.526848 21.91803
-98.542909 21.913489
-98.559427 21.920279
-98.564249 21.931598
-98.565662 21.942929
-98.552508 21.947458
-98.538887 21.945197
-98.522798 21.951998
-98.514978 21.958788
-98.504776 21.954268
-98.494102 21.947478
-98.484878 21.942937
-98.470299 21.94068
-98.469268 21.951999
-98.464348 21.963318
-98.459434 21.972377
-98.454032 21.981437
-98.449111 21.990485
-98.444221 21.997287
-98.440285 22.006335
-98.434387 22.017655
-98.430915 22.028974
-98.425497 22.042555
-98.423009 22.051623
-98.419042 22.067464
-98.414588 22.081053
-98.408682 22.092373
-98.403776 22.099161
-98.39887 22.105952
-98.392499 22.112734
-98.383696 22.119523
-98.376836 22.126311
-98.369488 22.1331
-98.36067 22.14215
-98.345478 22.155721
-98.330287 22.169301
-98.327808 22.178348
-98.331151 22.189678
-98.339376 22.203268
-98.349544 22.214609
-98.360197 22.228196
-98.375281 22.235008
-98.521699 22.325633
-98.534845 22.332434
-98.549455 22.341472
-98.560169 22.348261
-98.568933 22.35279
-98.582088 22.361841
-98.594272 22.36863
-98.607907 22.375421
-98.622036 22.38446
-98.6396 22.388978
