-87.518213 21.497427
-87.521227 21.490568
-87.518633 21.029117
-87.576223 20.941931
-87.719407 20.6911
-87.96537 20.550238
-87.985969 20.530197
-88.108013 20.459592
-88.224113 20.393335
-88.479283 20.218933
-88.51718 20.192973
-88.941317 19.955733
-89.204118 19.794978
-89.384125 19.677314
-89.634267 20.020178
-89.687622 20.096118
-89.76121 20.198962
-89.845759 20.25204
-89.927946 20.374275
-90.009858 20.485199
-90.044245 20.440013
-90.21559 20.485319
-90.207633 20.541846
-90.365306 20.559845
-90.363223 20.602824
-90.362667 20.763396
-90.367244 20.788748
-90.321886 20.890732
-90.299668 20.965618
-90.304293 20.965948
-90.319666 20.962658
-90.34096 20.943399
-90.354807 20.871195
-90.406682 20.773248
-90.410693 20.810666
-90.322557 21.014188
-90.293695 21.040566
-90.191626 21.094534
-90.056665 21.165211
-89.920096 21.21818
-89.86147 21.257615
-89.769274 21.286925
-89.448655 21.340593
-89.165445 21.363732
-88.97266 21.379293
-88.804701 21.41627
-88.678668 21.459729
-88.68619 21.43519
-88.670107 21.43225
-88.611261 21.475058
-88.600778 21.499907
-88.622454 21.480347
-88.642169 21.481938
-88.62362 21.505586
-88.571007 21.537405
-88.503441 21.541207
-88.375584 21.570623
-88.24601 21.562055
-88.187552 21.568106
-88.142803 21.589504
-88.060069 21.592384
-87.920232 21.550936
-87.829714 21.549735
-87.821535 21.555595
-87.831631 21.571785
-87.922963 21.594934
-88.092365 21.621361
-88.173138 21.596434
-88.10255 21.636991
-87.999947 21.609163
-87.906172 21.611004
-87.675834 21.527096
-87.518213 21.497427
