-102.642827 25.037157
-102.645322 25.053085
-102.638128 25.059715
-102.47622 25.078454
-102.316517 25.095715
-102.196411 25.110355
-101.8093 24.958352
-101.744197 24.823687
-101.664093 24.790837
-101.622794 24.810667
-101.566198 24.778098
-101.575697 24.732879
-101.597899 24.74
-101.581396 24.7012
-101.523297 24.693543
-101.430391 24.683062
-101.389787 24.71645
-101.329291 24.74951
-101.311186 24.73333
-101.200085 24.75644
-101.138384 24.691884
-101.116181 24.605308
-101.054182 24.540709
-101.035978 24.533568
-100.927073 24.49528
-100.873873 24.53284
-100.802672 24.50198
-100.834877 24.417784
-100.973179 24.364778
-101.045575 24.257759
-101.071181 24.216781
-101.208482 24.076297
-101.314083 23.953152
-101.324283 23.935342
-101.334188 23.922051
-101.34789 23.902094
-101.366887 23.882284
-101.385885 23.864734
-101.407988 23.842755
-101.43109 23.823066
-101.447585 23.805436
-101.467491 23.787907
-101.494087 23.763788
-101.515687 23.74404
-101.53769 23.7243
-101.564188 23.70242
-101.578395 23.691511
-101.588191 23.687971
-101.610789 23.683082
-101.624294 23.678961
-101.636395 23.672521
-101.645497 23.668262
-101.657697 23.659571
-101.667692 23.655333
-101.679395 23.648882
-101.688894 23.644623
-101.695592 23.638023
-101.705396 23.626981
-101.714293 23.613643
-101.720793 23.600235
-101.723593 23.591256
-101.729895 23.582354
-101.738196 23.571274
-101.749793 23.564816
-101.769699 23.560865
-101.780693 23.556655
-101.792595 23.554735
-101.810196 23.546185
-101.825898 23.535307
-101.8482 23.520078
-101.859598 23.506806
-101.8716 23.489009
-101.886095 23.471289
-101.895602 23.455689
-101.907001 23.44014
-101.916301 23.42906
-101.925701 23.41573
-101.932499 23.404582
-101.943897 23.391302
-101.953503 23.382501
-101.961201 23.375921
-101.974499 23.376291
-101.9856 23.369804
-101.993703 23.363233
-102.001302 23.356642
-102.167604 23.322656
-102.178706 23.368313
-102.229404 23.369662
-102.260807 23.234439
-102.296308 23.233097
-102.296713 23.221777
-102.288708 23.210228
-102.279012 23.194099
-102.271412 23.184829
-102.265812 23.177879
-102.262607 23.16872
-102.257709 23.154989
-102.253406 23.139001
-102.250408 23.125322
-102.248706 23.104863
-102.247806 23.088974
-102.246707 23.077604
-102.246708 23.064004
-102.244708 23.050343
-102.246203 23.036775
-102.249004 23.027775
-102.251308 23.016495
-102.253207 23.005216
-102.254611 22.993908
-102.255107 22.978058
-102.251209 22.964348
-102.247607 22.95518
-102.246005 22.9438
-102.241404 22.93461
-102.236803 22.927681
-102.231607 22.920741
-102.219606 22.900733
-102.213907 22.893831
-102.207803 22.882391
-102.203608 22.870982
-102.198503 22.861833
-102.193803 22.852683
-102.186204 22.843484
-102.183503 22.832105
-102.178003 22.818413
-102.172807 22.811515
-102.166702 22.800075
-102.159706 22.786355
-102.152206 22.772618
-102.144104 22.763406
-102.134505 22.754177
-102.126006 22.744958
-102.117805 22.738008
-102.109106 22.724718
-102.098699 22.715358
-102.084203 22.710419
-102.073499 22.70786
-102.060498 22.700709
-102.050999 22.69364
-102.042401 22.6866
-102.032498 22.674991
-102.023998 22.66794
-102.017399 22.660962
-102.011303 22.65399
-102.004101 22.649251
-101.993701 22.639891
-101.977 22.625822
-101.9704 22.618822
-101.960397 22.611743
-101.952295 22.607003
-101.945397 22.599875
-101.936899 22.593264
-101.926995 22.586685
-101.918496 22.580065
-101.912995 22.573396
-101.901397 22.560045
-101.883293 22.535507
-101.867194 22.515458
-101.859496 22.499768
-101.855894 22.488508
-101.852798 22.479508
-101.847693 22.47055
-101.838095 22.457161
-101.830595 22.44826
-101.825095 22.441579
-101.814596 22.430462
-101.803693 22.426161
-101.79279 22.419592
-101.778996 22.415361
-101.762493 22.417971
-101.751797 22.420472
-101.734294 22.427641
-101.725589 22.432352
-101.71149 22.43718
-101.705294 22.4441
-101.697092 22.448812
-101.683091 22.462701
-101.677393 22.471881
-101.663392 22.481238
-101.651788 22.486008
-101.642586 22.492989
-101.627991 22.497818
-101.618286 22.500279
-101.605088 22.50282
-101.592987 22.507589
-101.578788 22.507877
-101.548285 22.553806
-101.538687 22.560797
-101.532485 22.569987
-101.524786 22.576935
-101.514089 22.583945
-101.496488 22.584297
-101.479886 22.584605
-101.465184 22.582626
-101.433788 22.578685
-101.420887 22.574406
-101.411082 22.572318
-101.395784 22.563536
-101.381487 22.557007
-101.369684 22.552696
-101.357781 22.546118
-101.349885 22.539459
-101.344384 22.532768
-101.33638 22.523848
-101.33178 22.514859
-101.326783 22.50816
-101.313881 22.497061
-101.306984 22.490392
-101.29898 22.48374
-101.29348 22.477039
-101.287482 22.468081
-101.285384 22.456791
-101.288581 22.445401
-101.297683 22.436172
-101.308281 22.426903
-101.318382 22.417663
-101.326683 22.410713
-101.335282 22.401484
-101.34298 22.394554
-101.351181 22.385333
-101.362679 22.373784
-101.368882 22.366876
-101.375085 22.357684
-101.379784 22.344007
-101.37948 22.328146
-101.378281 22.316836
-101.37278 22.307879
-101.369584 22.294339
-101.365982 22.283077
-101.362382 22.271819
-101.358284 22.260559
-101.353783 22.25158
-101.353081 22.240259
-101.345977 22.226791
-101.34478 22.21548
-101.342682 22.204191
-101.340881 22.186094
-101.340179 22.172524
-101.341583 22.165692
-101.338981 22.156674
-101.337784 22.145364
-101.338584 22.134025
-101.338378 22.122695
-101.339683 22.111345
-101.340881 22.099985
-101.344077 22.084067
-101.345878 22.072708
-101.347984 22.054537
-101.348678 22.040928
-101.352378 22.027259
-101.357482 22.013569
-101.363182 22.00214
-101.368782 21.990701
-101.376884 21.976952
-101.381081 21.967812
-101.385284 21.958664
-101.390984 21.949493
-101.396278 21.942602
-101.404382 21.933384
-101.413483 21.924142
-101.427385 21.910282
-101.435984 21.901053
-101.444085 21.891833
-101.454981 21.873496
-101.456186 21.862145
-101.471285 21.859586
-101.481386 21.854855
-101.495982 21.852306
-101.508983 21.847517
-101.525585 21.847197
-101.540188 21.844636
-101.559582 21.841977
-101.580083 21.843838
-101.591787 21.848136
-101.613386 21.856755
-101.625189 21.863315
-101.637587 21.872125
-101.64749 21.880984
-101.654991 21.889894
-101.661987 21.898814
-101.668892 21.905473
-101.674393 21.912154
-101.680886 21.918812
-101.689789 21.927703
-101.696793 21.934353
-101.707093 21.940942
-101.717492 21.949773
-101.724992 21.956422
-101.736894 21.967501
-101.743288 21.974161
-101.753695 21.980741
-101.763095 21.985078
-101.77199 21.991691
-101.783695 21.9937
-101.799396 21.995628
-101.810994 21.99311
-101.82159 21.986081
-101.830693 21.981351
-101.845196 21.97198
-101.857694 21.964901
-101.870191 21.95556
-101.878698 21.941781
-101.884299 21.930321
-101.886991 21.918934
-101.902197 21.925382
-101.914595 21.932542
-101.924193 21.937342
-101.9328 21.942121
-101.943496 21.953762
-101.947594 21.96294
-101.9515 21.97439
-101.962197 21.988311
-101.965195 21.999728
-101.969697 22.011178
-101.978898 22.025047
-101.982194 22.041008
-101.9852 22.052427
-101.987298 22.061557
-101.989297 22.072945
-101.991899 22.082084
-102.020998 22.101034
-102.020899 22.114644
-102.000795 22.118614
-102.004098 22.175381
-102.008097 22.198171
-102.045002 22.203729
-102.0854 22.250238
-102.148099 22.262709
-102.147802 22.274025
-102.1556 22.312696
-102.172607 22.315254
-102.1874 22.290597
-102.214707 22.313744
-102.261705 22.368944
-102.286608 22.387492
-102.290804 22.419292
-102.304408 22.421792
-102.314204 22.358513
-102.380307 22.334695
-102.409208 22.328364
-102.419508 22.326275
-102.43331 22.321964
-102.441709 22.317573
-102.45011 22.313173
-102.460509 22.308803
-102.466613 22.299845
-102.471709 22.290867
-102.48101 22.286477
-102.490913 22.282097
-102.499809 22.277706
-102.503914 22.268706
-102.50811 22.255177
-102.516511 22.250778
-102.537712 22.244308
-102.551416 22.242258
-102.563211 22.240177
-102.582613 22.244996
-102.597216 22.245228
-102.618312 22.243266
-102.630115 22.236648
-102.639118 22.229988
-102.645519 22.223287
-102.650112 22.21429
-102.655513 22.193969
-102.65392 22.178089
-102.654613 22.164499
-102.657017 22.14415
-102.663715 22.128381
-102.668316 22.11712
-102.672917 22.108132
-102.682515 22.092412
-102.687115 22.083403
-102.696614 22.074493
-102.704617 22.065534
-102.710614 22.058564
-102.719418 22.054425
-102.728917 22.045484
-102.737318 22.038815
-102.75022 22.027676
-102.757818 22.016447
-102.767218 22.005246
-102.772315 21.998526
-102.824416 21.92675
-102.870919 21.820874
-102.870217 21.805005
-102.869019 21.791397
-102.865823 21.780035
-102.861122 21.773174
-102.85112 21.761716
-102.842521 21.754807
-102.833419 21.747877
-102.825316 21.740977
-102.815215 21.736297
-102.804618 21.731627
-102.79402 21.724689
-102.781019 21.719979
-102.768919 21.713019
-102.755918 21.708301
-102.738919 21.705799
-102.747914 21.696849
-102.754315 21.690161
-102.760914 21.68119
-102.76592 21.672191
-102.770017 21.660921
-102.772619 21.651891
-102.775319 21.642871
-102.777517 21.629312
-102.776715 21.617973
-102.775617 21.604363
-102.768513 21.592934
-102.763417 21.581544
-102.753415 21.574605
-102.738018 21.565334
-102.727818 21.562926
-102.716815 21.558235
-102.711612 21.549096
-102.706515 21.537697
-102.702418 21.526315
-102.693813 21.519387
-102.681315 21.514687
-102.667315 21.507688
-102.657717 21.505277
-102.642717 21.500528
-102.632615 21.498109
-102.629617 21.41425
-102.639809 21.412141
-102.65091 21.414572
-102.660615 21.412452
-102.671914 21.410341
-102.677911 21.401373
-102.676615 21.390022
-102.669611 21.380862
-102.658616 21.373915
-102.65001 21.366994
-102.646417 21.351085
-102.64911 21.342065
-102.662317 21.333197
-102.66971 21.328766
-102.674112 21.326566
-102.696818 21.311036
-102.697214 21.338235
-102.711719 21.338436
-102.726817 21.336384
-102.736515 21.334253
-102.743518 21.323035
-102.743313 21.311706
-102.742618 21.300366
-102.743816 21.286797
-102.753215 21.280138
-102.766216 21.282587
-102.789418 21.287437
-102.80882 21.285437
-102.824018 21.278847
-102.83872 21.269986
-102.845617 21.263289
-102.852621 21.254319
-102.859618 21.240818
-102.861418 21.224987
-102.858221 21.21362
-102.994524 21.20632
-103.000719 21.213189
-103.01082 21.217848
-103.020319 21.22702
-103.026423 21.236147
-103.033626 21.240778
-103.04082 21.245389
-103.052822 21.240718
-103.05872 21.231719
-103.064724 21.224987
-103.071225 21.21373
-103.072827 21.20242
-103.075024 21.186581
-103.075725 21.17525
-103.076924 21.161673
-103.081021 21.150382
-103.08662 21.136842
-103.090123 21.125552
-103.089024 21.109684
-103.08482 21.098304
-103.080623 21.089194
-103.072521 21.080046
-103.067424 21.068656
-103.060825 21.059515
-103.063426 21.050488
-103.071224 21.043776
-103.086826 21.039408
-103.098927 21.037266
-103.110623 21.035126
-103.123723 21.035278
-103.136724 21.039947
-103.149725 21.044616
-103.157828 21.049236
-103.177526 21.056236
-103.187629 21.063135
-103.202529 21.067825
-103.214729 21.063416
-103.223129 21.056705
-103.234825 21.052286
-103.24543 21.050126
-103.25953 21.050267
-103.267327 21.043545
-103.274232 21.036807
-103.282632 21.030086
-103.295732 21.027946
-103.30433 21.032568
-103.307329 21.034137
-103.313028 21.037186
-103.323131 21.039547
-103.333232 21.041906
-103.342829 21.046527
-103.356029 21.039857
-103.371028 21.039986
-103.383129 21.042366
-103.39713 21.047015
-103.402333 21.056134
-103.408033 21.062987
-103.413236 21.072094
-103.419835 21.083475
-103.426534 21.090344
-103.437635 21.088162
-103.447836 21.085984
-103.461035 21.083835
-103.473136 21.083945
-103.481231 21.088533
-103.493835 21.090904
-103.509231 21.095573
-103.518936 21.100184
-103.532433 21.104824
-103.542038 21.111694
-103.555039 21.116333
-103.569536 21.118712
-103.587938 21.121123
-103.600039 21.121213
-103.614039 21.119051
-103.622241 21.123651
-103.631839 21.130522
-103.634235 21.137329
-103.638439 21.14416
-103.642138 21.157789
-103.647334 21.169159
-103.653537 21.178269
-103.65884 21.182839
-103.666042 21.187428
-103.677639 21.187509
-103.684941 21.187558
-103.695638 21.185369
-103.709242 21.180928
-103.717939 21.18098
-103.727239 21.178788
-103.736945 21.17658
-103.747138 21.174379
-103.755438 21.17444
-103.763641 21.174489
-103.770438 21.176799
-103.772743 21.18135
-103.775642 21.183628
-103.776542 21.188169
-103.778945 21.192719
-103.781745 21.197269
-103.783141 21.206348
-103.783538 21.210887
-103.783042 21.217678
-103.78144 21.222207
-103.777938 21.231245
-103.772545 21.240276
-103.765144 21.247027
-103.758238 21.258316
-103.753341 21.265085
-103.749838 21.274135
-103.746841 21.278634
-103.745344 21.283166
-103.741339 21.292195
-103.74124 21.298994
-103.742644 21.305802
-103.741042 21.312593
-103.738044 21.319374
-103.734542 21.328423
-103.729643 21.337452
-103.726141 21.341963
-103.720244 21.350991
-103.716742 21.355502
-103.715742 21.360033
-103.714239 21.364551
-103.712439 21.367582
-103.715139 21.381201
-103.71884 21.397078
-103.718138 21.415201
-103.71604 21.426507
-103.713438 21.435558
-103.712339 21.446869
-103.716544 21.458228
-103.716338 21.476348
-103.710341 21.485366
-103.698743 21.483017
-103.693036 21.471647
-103.685942 21.462518
-103.67484 21.457898
-103.660741 21.457797
-103.645642 21.457667
-103.634937 21.459847
-103.617839 21.468768
-103.599734 21.475407
-103.585636 21.482076
-103.57284 21.488765
-103.56254 21.497745
-103.554636 21.504466
-103.54674 21.515725
-103.542239 21.524745
-103.537736 21.536033
-103.535936 21.558673
-103.535234 21.572253
-103.531633 21.581293
-103.533533 21.585832
-103.532938 21.597152
-103.533136 21.61075
-103.531534 21.624331
-103.532336 21.635659
-103.534037 21.647011
-103.534334 21.662869
-103.533137 21.676448
-103.532038 21.687768
-103.529436 21.699079
-103.522837 21.714877
-103.51784 21.723896
-103.509836 21.739676
-103.502335 21.750934
-103.497339 21.757695
-103.486436 21.771185
-103.480935 21.780195
-103.40853 21.867859
-103.390433 21.87222
-103.371229 21.88336
-103.336736 21.912469
-103.295331 21.936958
-103.287029 21.941409
-103.27383 21.943519
-103.257732 21.943349
-103.245127 21.940947
-103.237826 21.936338
-103.224329 21.929399
-103.215632 21.92476
-103.203028 21.92236
-103.18693 21.924451
-103.175325 21.922059
-103.164529 21.9242
-103.15133 21.92857
-103.140831 21.939788
-103.136329 21.948788
-103.137528 21.960137
-103.127526 21.973618
-103.117729 21.980296
-103.113724 21.984777
-103.10633 21.991487
-103.098427 21.995925
-103.092925 22.004924
-103.088829 22.013944
-103.091125 22.023035
-103.10463 22.029985
-103.11473 22.036913
-103.122925 22.043794
-103.129128 22.050663
-103.129829 22.064274
-103.126724 22.075563
-103.122124 22.084581
-103.114624 22.093552
-103.10823 22.100282
-103.103225 22.107013
-103.096229 22.11373
-103.092728 22.118221
-103.08673 22.127212
-103.08023 22.1362
-103.075225 22.145199
-103.068626 22.158719
-103.06063 22.167689
-103.053626 22.17667
-103.046126 22.18564
-103.039625 22.192358
-103.034528 22.205887
-103.031927 22.214917
-103.030722 22.226227
-103.033026 22.235326
-103.040229 22.239937
-103.057227 22.242415
-103.068023 22.240287
-103.077827 22.240396
-103.08123 22.240447
-103.094825 22.242865
-103.113328 22.249884
-103.124924 22.256815
-103.138032 22.259245
-103.150232 22.259386
-103.16833 22.257325
-103.177233 22.252895
-103.188532 22.248485
-103.200732 22.248626
-103.215732 22.253325
-103.221531 22.262443
-103.217434 22.271463
-103.203128 22.280363
-103.191233 22.289305
-103.182727 22.302804
-103.177126 22.314072
-103.169032 22.329842
-103.171228 22.3412
-103.181827 22.348121
-103.19643 22.355081
-103.205127 22.359711
-103.215229 22.366622
-103.233235 22.37588
-103.241429 22.380501
-103.24873 22.385111
-103.255932 22.391991
-103.266034 22.401157
-103.276136 22.410338
-103.287634 22.421788
-103.292937 22.428648
-103.303931 22.442358
-103.308135 22.453736
-103.315337 22.462876
-103.321532 22.472004
-103.331237 22.478905
-103.340133 22.474465
-103.348434 22.470015
-103.354431 22.463276
-103.362434 22.456566
-103.369332 22.449828
-103.373436 22.440806
-103.382934 22.429577
-103.389435 22.420578
-103.395936 22.409307
-103.403435 22.395789
-103.409539 22.384519
-103.408333 22.366368
-103.403535 22.359528
-103.398339 22.350411
-103.392738 22.334501
-103.388535 22.32539
-103.381837 22.313991
-103.371635 22.309352
-103.363937 22.304752
-103.358634 22.297893
-103.363632 22.291142
-103.369133 22.282133
-103.371833 22.268564
-103.372031 22.257243
-103.370933 22.234576
-103.369834 22.211894
-103.370536 22.198307
-103.375137 22.187027
-103.383034 22.178037
-103.393837 22.173607
-103.405235 22.166927
-103.411232 22.15793
-103.418732 22.146668
-103.422333 22.135371
-103.425935 22.124081
-103.430535 22.10826
-103.433137 22.096961
-103.435838 22.081122
-103.43844 22.072084
-103.444833 22.065343
-103.456635 22.060922
-103.470339 22.058792
-103.484438 22.058931
-103.497538 22.063581
-103.508639 22.072741
-103.514338 22.084131
-103.523539 22.091
-103.537136 22.091131
-103.549335 22.0935
-103.562436 22.095891
-103.574239 22.089192
-103.581739 22.075661
-103.590642 22.06894
-103.608739 22.064572
-103.623442 22.062422
-103.640944 22.067103
-103.654539 22.06722
-103.665741 22.069573
-103.670539 22.078672
-103.672744 22.094562
-103.671645 22.105869
-103.67044 22.11947
-103.667343 22.13303
-103.663543 22.155669
-103.660842 22.173766
-103.652739 22.194096
-103.647643 22.209915
-103.646941 22.225776
-103.646743 22.239366
-103.649039 22.252982
-103.650741 22.266602
-103.648643 22.277914
-103.643043 22.291453
-103.636642 22.300473
-103.630538 22.314012
-103.62744 22.323062
-103.623244 22.34342
-103.619643 22.35925
-103.618438 22.370571
-103.61624 22.38869
-103.613143 22.399987
-103.610144 22.409029
-103.60884 22.429406
-103.607642 22.440727
-103.607443 22.458855
-103.602942 22.467885
-103.595443 22.474624
-103.591941 22.483653
-103.606444 22.490585
-103.621643 22.492975
-103.627541 22.522483
-103.676346 22.531952
-103.706743 22.532191
-103.717347 22.543613
-103.751742 22.528021
-103.784648 22.303912
-103.802349 22.294972
-103.832042 22.145617
-103.859647 22.166199
-103.844548 22.35646
-103.856352 22.424527
-103.834149 22.442497
-103.84165 22.506013
-103.756243 22.56204
-103.749744 22.679836
-103.990053 22.704164
-104.007051 22.509351
-103.999353 22.497982
-103.990151 22.491123
-103.97995 22.484263
-103.97065 22.477403
-103.960953 22.475075
-103.945351 22.472714
-103.937554 22.468134
-103.928749 22.463544
-103.931351 22.454496
-103.926048 22.447655
-103.929046 22.438615
-103.929252 22.427287
-103.934752 22.418257
-103.92945 22.409158
-103.921653 22.402305
-103.919349 22.393228
-103.926246 22.386468
-103.924453 22.375128
-103.925551 22.363798
-103.930053 22.35476
-103.92385 22.34567
-103.920051 22.33431
-103.924147 22.32301
-103.920348 22.30938
-103.951347 22.298241
-104.049456 22.301101
-104.309762 22.213983
-104.303155 22.247942
-104.162559 22.711923
-104.167656 22.972601
-104.171158 23.110886
-104.123954 23.158236
-104.110259 23.242022
-104.10546 23.273731
-104.079253 23.420914
-103.933956 23.533341
-103.930156 23.603578
-103.875452 23.632677
-103.81405 23.609569
-103.810051 23.618597
-103.806847 23.634448
-103.808152 23.645787
-103.809448 23.659397
-103.812752 23.670756
-103.820549 23.679876
-103.825951 23.686715
-103.838655 23.691334
-103.84955 23.693686
-103.85885 23.698283
-103.864648 23.705126
-103.868052 23.714214
-103.866853 23.725532
-103.860254 23.743624
-103.852655 23.754902
-103.847551 23.768462
-103.848352 23.786599
-103.850649 23.797941
-103.85985 23.809339
-103.868655 23.820739
-103.873454 23.832099
-103.878352 23.83894
-103.884555 23.850309
-103.889453 23.857139
-103.892757 23.866227
-103.883654 23.882026
-103.86825 23.888716
-103.858752 23.899988
-103.85805 23.913576
-103.856853 23.929435
-103.849254 23.942985
-103.84125 23.951983
-103.841052 23.965574
-103.839449 23.976903
-103.834353 23.985924
-103.829355 23.992692
-103.822252 24.001713
-103.813349 24.008432
-103.804254 24.015172
-103.795252 24.021903
-103.785348 24.028621
-103.771851 24.033053
-103.759454 24.03522
-103.750954 24.039692
-103.722152 24.053051
-103.716148 24.055271
-103.70465 24.061981
-103.694648 24.066429
-103.682746 24.07087
-103.668745 24.077541
-103.655745 24.08424
-103.64485 24.090939
-103.634351 24.09765
-103.626852 24.102119
-103.614346 24.11108
-103.604344 24.11552
-103.596844 24.119989
-103.588345 24.124437
-103.576344 24.133399
-103.569247 24.140138
-103.560146 24.153649
-103.555149 24.160407
-103.550845 24.180755
-103.551043 24.201156
-103.551349 24.212486
-103.545642 24.226035
-103.540644 24.232774
-103.527644 24.237193
-103.513247 24.241344
-103.492944 24.240974
-103.481348 24.245305
-103.470247 24.254172
-103.466043 24.263164
-103.45984 24.272123
-103.443742 24.278622
-103.433243 24.282962
-103.424141 24.289602
-103.42144 24.298622
-103.416244 24.307592
-103.411446 24.318831
-103.410644 24.330171
-103.40924 24.343741
-103.409942 24.357362
-103.405243 24.36635
-103.270138 24.384149
-103.18194 24.391459
-103.112137 24.383229
-102.873231 24.350882
-102.81713 24.336013
-102.746327 24.361612
-102.533019 24.383762
-102.51142 24.390031
-102.495018 24.788725
-102.642827 25.037157
